//1Ãþ
m	167	283	10	10	0	0	60s	100	1	2506
m	171	292	10	10	0	0	10s	100	1	2506
m	169	304	10	10	0	0	10s	100	1	2506
m	207	308	10	10	0	0	10s	100	1	2506
m	219	308	10	10	0	0	10s	100	1	2506
m	223	308	10	10	0	0	10s	100	1	2506
m	214	309	10	10	0	0	10s	100	1	2506
m	162	314	10	10	0	0	10s	100	1	2506
m	204	315	10	10	0	0	10s	100	1	2506
m	174	316	10	10	0	0	10s	100	1	2506
m	279	316	10	10	0	0	10s	100	1	2506
m	158	317	10	10	0	0	10s	100	1	2506
m	262	317	10	10	0	0	10s	100	1	2506
m	169	318	10	10	0	0	10s	100	1	2506
m	201	319	10	10	0	0	10s	100	1	2506
m	249	319	10	10	0	0	10s	100	1	2506
m	174	320	10	10	0	0	10s	100	1	2506
m	195	323	10	10	0	0	10s	100	1	2506
m	241	324	10	10	0	0	10s	100	1	2506
m	251	324	10	10	0	0	10s	100	1	2506
m	169	325	10	10	0	0	10s	100	1	2506
m	195	325	10	10	0	0	10s	100	1	2506
m	246	326	10	10	0	0	10s	100	1	2506
m	266	327	10	10	0	0	10s	100	1	2506
m	251	127	10	10	0	0	10s	100	1	2505
m	248	134	10	10	0	0	10s	100	1	2505
m	251	137	10	10	0	0	10s	100	1	2505
m	259	140	10	10	0	0	10s	100	1	2505
m	221	141	10	10	0	0	10s	100	1	2505
m	225	141	10	10	0	0	10s	100	1	2505
m	249	141	10	10	0	0	10s	100	1	2505
m	232	144	10	10	0	0	10s	100	1	2505
m	221	145	10	10	0	0	10s	100	1	2505
m	222	146	10	10	0	0	10s	100	1	2505
m	225	147	10	10	0	0	10s	100	1	2505
m	226	147	10	10	0	0	10s	100	1	2505
m	248	147	10	10	0	0	10s	100	1	2505
m	202	148	10	10	0	0	10s	100	1	2505
m	214	149	10	10	0	0	10s	100	1	2505
m	211	150	10	10	0	0	10s	100	1	2505
m	209	151	10	10	0	0	10s	100	1	2505
m	180	153	10	10	0	0	10s	100	1	2505
m	172	155	10	10	0	0	10s	100	1	2505
m	179	155	10	10	0	0	10s	100	1	2505
m	195	155	10	10	0	0	10s	100	1	2505
m	196	156	10	10	0	0	10s	100	1	2505
m	187	158	10	10	0	0	10s	100	1	2505
m	185	159	10	10	0	0	10s	100	1	2505
m	165	164	10	10	0	0	10s	100	1	2505
m	181	165	10	10	0	0	10s	100	1	2505
m	167	168	10	10	0	0	10s	100	1	2505
m	160	171	10	10	0	0	10s	100	1	2505
m	176	177	10	10	0	0	10s	100	1	2505
m	164	178	10	10	0	0	10s	100	1	2505
m	168	199	10	10	0	0	10s	100	1	2505
m	166	201	10	10	0	0	10s	100	1	2505
m	174	207	10	10	0	0	10s	100	1	2505
m	166	210	10	10	0	0	10s	100	1	2505
m	176	211	10	10	0	0	10s	100	1	2505
m	171	232	10	10	0	0	10s	100	1	2505
m	168	233	10	10	0	0	10s	100	1	2505
m	172	235	10	10	0	0	10s	100	1	2505
m	166	239	10	10	0	0	10s	100	1	2505
m	159	245	10	10	0	0	10s	100	1	2505
m	165	247	10	10	0	0	10s	100	1	2505
m	161	250	10	10	0	0	10s	100	1	2505
m	167	250	10	10	0	0	10s	100	1	2505
m	156	261	10	10	0	0	10s	100	1	2505
m	153	266	10	10	0	0	10s	100	1	2505
m	155	266	10	10	0	0	10s	100	1	2505
m	168	266	10	10	0	0	10s	100	1	2505
m	343	134	10	10	0	0	10s	100	1	2504
m	343	141	10	10	0	0	10s	100	1	2504
m	345	142	10	10	0	0	10s	100	1	2504
m	333	143	10	10	0	0	10s	100	1	2504
m	347	143	10	10	0	0	10s	100	1	2504
m	348	165	10	10	0	0	10s	100	1	2504
m	346	168	10	10	0	0	10s	100	1	2504
m	339	176	10	10	0	0	10s	100	1	2504
m	347	176	10	10	0	0	10s	100	1	2504
m	348	177	10	10	0	0	10s	100	1	2504
m	323	189	10	10	0	0	10s	100	1	2504
m	303	190	10	10	0	0	10s	100	1	2504
m	335	190	10	10	0	0	10s	100	1	2504
m	316	191	10	10	0	0	10s	100	1	2504
m	300	193	10	10	0	0	10s	100	1	2504
m	263	194	10	10	0	0	10s	100	1	2504
m	273	196	10	10	0	0	10s	100	1	2504
m	304	196	10	10	0	0	10s	100	1	2504
m	329	197	10	10	0	0	10s	100	1	2504
m	277	198	10	10	0	0	10s	100	1	2504
m	326	198	10	10	0	0	10s	100	1	2504
m	235	200	10	10	0	0	10s	100	1	2504
m	304	200	10	10	0	0	10s	100	1	2504
m	268	201	10	10	0	0	10s	100	1	2504
m	234	203	10	10	0	0	10s	100	1	2504
m	272	203	10	10	0	0	10s	100	1	2504
m	246	204	10	10	0	0	10s	100	1	2504
m	257	211	10	10	0	0	10s	100	1	2504
m	260	212	10	10	0	0	10s	100	1	2504
m	231	223	10	10	0	0	10s	100	1	2504
m	227	224	10	10	0	0	10s	100	1	2504
m	227	242	10	10	0	0	10s	100	1	2504
m	318	247	10	10	0	0	10s	100	1	2504
m	293	250	10	10	0	0	10s	100	1	2504
m	310	251	10	10	0	0	10s	100	1	2504
m	284	252	10	10	0	0	10s	100	1	2504
m	338	252	10	10	0	0	10s	100	1	2504
m	295	253	10	10	0	0	10s	100	1	2504
m	245	256	10	10	0	0	10s	100	1	2504
m	248	256	10	10	0	0	10s	100	1	2504
m	281	256	10	10	0	0	10s	100	1	2504
m	307	256	10	10	0	0	10s	100	1	2504
m	339	256	10	10	0	0	10s	100	1	2504
m	248	258	10	10	0	0	10s	100	1	2504
m	296	258	10	10	0	0	10s	100	1	2504
m	317	34	10	10	0	0	10s	100	1	2501
m	325	36	10	10	0	0	10s	100	1	2501
m	313	38	10	10	0	0	10s	100	1	2501
m	284	42	10	10	0	0	10s	100	1	2501
m	293	42	10	10	0	0	10s	100	1	2501
m	336	44	10	10	0	0	10s	100	1	2501
m	276	47	10	10	0	0	10s	100	1	2501
m	278	48	10	10	0	0	10s	100	1	2501
m	374	48	10	10	0	0	10s	100	1	2501
m	393	49	10	10	0	0	10s	100	1	2501
m	371	52	10	10	0	0	10s	100	1	2501
m	286	53	10	10	0	0	10s	100	1	2501
m	209	54	10	10	0	0	10s	100	1	2501
m	274	54	10	10	0	0	10s	100	1	2501
m	254	55	10	10	0	0	10s	100	1	2501
m	372	55	10	10	0	0	10s	100	1	2501
m	399	55	10	10	0	0	10s	100	1	2501
m	171	56	10	10	0	0	10s	100	1	2501
m	240	56	10	10	0	0	10s	100	1	2501
m	154	59	10	10	0	0	10s	100	1	2501
m	395	59	10	10	0	0	10s	100	1	2501
m	404	59	10	10	0	0	10s	100	1	2501
m	409	59	10	10	0	0	10s	100	1	2501
m	396	61	10	10	0	0	10s	100	1	2501
m	231	63	10	10	0	0	10s	100	1	2501
m	163	64	10	10	0	0	10s	100	1	2501
m	213	68	10	10	0	0	10s	100	1	2501
m	239	68	10	10	0	0	10s	100	1	2501
m	229	69	10	10	0	0	10s	100	1	2501
m	218	70	10	10	0	0	10s	100	1	2501
m	413	72	10	10	0	0	10s	100	1	2501
m	131	76	10	10	0	0	10s	100	1	2501
m	107	77	10	10	0	0	10s	100	1	2501
m	112	78	10	10	0	0	10s	100	1	2501
m	436	80	10	10	0	0	10s	100	1	2501
m	115	93	10	10	0	0	10s	100	1	2501
m	442	99	10	10	0	0	10s	100	1	2501
m	104	102	10	10	0	0	10s	100	1	2501
m	445	102	10	10	0	0	10s	100	1	2501
m	452	102	10	10	0	0	10s	100	1	2501
m	442	104	10	10	0	0	10s	100	1	2501
m	80	109	10	10	0	0	10s	100	1	2501
m	88	126	10	10	0	0	10s	100	1	2501
m	82	133	10	10	0	0	10s	100	1	2501
m	76	137	10	10	0	0	10s	100	1	2501
m	84	142	10	10	0	0	10s	100	1	2501
m	78	148	10	10	0	0	10s	100	1	2501
m	94	152	10	10	0	0	10s	100	1	2501
m	80	157	10	10	0	0	10s	100	1	2501
m	80	177	10	10	0	0	10s	100	1	2501
m	74	185	10	10	0	0	10s	100	1	2501
m	68	190	10	10	0	0	10s	100	1	2501
m	70	206	10	10	0	0	10s	100	1	2501
m	75	211	10	10	0	0	10s	100	1	2501
m	64	217	10	10	0	0	10s	100	1	2501
m	64	218	10	10	0	0	10s	100	1	2501
m	65	219	10	10	0	0	10s	100	1	2501
m	68	220	10	10	0	0	10s	100	1	2501
m	74	221	10	10	0	0	10s	100	1	2501
m	79	231	10	10	0	0	10s	100	1	2501
m	78	233	10	10	0	0	10s	100	1	2501
m	76	239	10	10	0	0	10s	100	1	2501
m	81	239	10	10	0	0	10s	100	1	2501
m	84	246	10	10	0	0	10s	100	1	2501
m	72	247	10	10	0	0	10s	100	1	2501
m	82	251	10	10	0	0	10s	100	1	2501
m	89	255	10	10	0	0	10s	100	1	2501
m	90	263	10	10	0	0	10s	100	1	2501
m	71	273	10	10	0	0	10s	100	1	2501
m	83	277	10	10	0	0	10s	100	1	2501
m	82	290	10	10	0	0	10s	100	1	2501
m	79	294	10	10	0	0	10s	100	1	2501
m	72	327	10	10	0	0	10s	100	1	2501
m	77	328	10	10	0	0	10s	100	1	2501
m	78	343	10	10	0	0	10s	100	1	2501
m	69	348	10	10	0	0	10s	100	1	2501
m	61	354	10	10	0	0	10s	100	1	2501
m	71	357	10	10	0	0	10s	100	1	2501
m	68	366	10	10	0	0	10s	100	1	2501
m	76	375	10	10	0	0	10s	100	1	2501
m	87	384	10	10	0	0	10s	100	1	2501
m	92	391	10	10	0	0	10s	100	1	2501
m	95	394	10	10	0	0	10s	100	1	2501
m	82	395	10	10	0	0	10s	100	1	2501
m	119	402	10	10	0	0	10s	100	1	2501
m	106	404	10	10	0	0	10s	100	1	2501
m	87	412	10	10	0	0	10s	100	1	2501
m	85	413	10	10	0	0	10s	100	1	2501
m	91	415	10	10	0	0	10s	100	1	2501
m	94	416	10	10	0	0	10s	100	1	2501
m	100	416	10	10	0	0	10s	100	1	2501
m	85	418	10	10	0	0	10s	100	1	2501
m	86	418	10	10	0	0	10s	100	1	2501
m	446	120	10	10	0	0	10s	100	1	2502
m	447	124	10	10	0	0	10s	100	1	2502
m	472	146	10	10	0	0	10s	100	1	2502
m	467	148	10	10	0	0	10s	100	1	2502
m	463	154	10	10	0	0	10s	100	1	2502
m	472	161	10	10	0	0	10s	100	1	2502
m	474	172	10	10	0	0	10s	100	1	2502
m	464	177	10	10	0	0	10s	100	1	2502
m	462	186	10	10	0	0	10s	100	1	2502
m	466	188	10	10	0	0	10s	100	1	2502
m	466	199	10	10	0	0	10s	100	1	2502
m	467	219	10	10	0	0	10s	100	1	2502
m	456	224	10	10	0	0	10s	100	1	2502
m	463	229	10	10	0	0	10s	100	1	2502
m	462	232	10	10	0	0	10s	100	1	2502
m	121	406	10	10	0	0	10s	100	1	2502
m	261	410	10	10	0	0	10s	100	1	2502
m	123	411	10	10	0	0	10s	100	1	2502
m	158	413	10	10	0	0	10s	100	1	2502
m	161	413	10	10	0	0	10s	100	1	2502
m	170	414	10	10	0	0	10s	100	1	2502
m	150	416	10	10	0	0	10s	100	1	2502
m	262	416	10	10	0	0	10s	100	1	2502
m	185	417	10	10	0	0	10s	100	1	2502
m	236	417	10	10	0	0	10s	100	1	2502
m	330	417	10	10	0	0	10s	100	1	2502
m	121	418	10	10	0	0	10s	100	1	2502
m	208	418	10	10	0	0	10s	100	1	2502
m	238	418	10	10	0	0	10s	100	1	2502
m	257	418	10	10	0	0	10s	100	1	2502
m	135	421	10	10	0	0	10s	100	1	2502
m	171	421	10	10	0	0	10s	100	1	2502
m	232	423	10	10	0	0	10s	100	1	2502
m	292	423	10	10	0	0	10s	100	1	2502
m	268	424	10	10	0	0	10s	100	1	2502
m	291	424	10	10	0	0	10s	100	1	2502
m	302	424	10	10	0	0	10s	100	1	2502
m	138	425	10	10	0	0	10s	100	1	2502
m	172	425	10	10	0	0	10s	100	1	2502
m	222	425	10	10	0	0	10s	100	1	2502
m	280	425	10	10	0	0	10s	100	1	2502
m	145	426	10	10	0	0	10s	100	1	2502
m	164	426	10	10	0	0	10s	100	1	2502
m	199	426	10	10	0	0	10s	100	1	2502
m	335	426	10	10	0	0	10s	100	1	2502
m	330	427	10	10	0	0	10s	100	1	2502
m	293	428	10	10	0	0	10s	100	1	2502
m	327	429	10	10	0	0	10s	100	1	2502
m	186	430	10	10	0	0	10s	100	1	2502
m	244	431	10	10	0	0	10s	100	1	2502
m	281	431	10	10	0	0	10s	100	1	2502
m	283	431	10	10	0	0	10s	100	1	2502
m	302	432	10	10	0	0	10s	100	1	2502
m	315	433	10	10	0	0	10s	100	1	2502
m	188	434	10	10	0	0	10s	100	1	2502
m	286	439	10	10	0	0	10s	100	1	2502
m	301	439	10	10	0	0	10s	100	1	2502
m	188	440	10	10	0	0	10s	100	1	2502
m	465	249	10	10	0	0	10s	100	1	2503
m	471	263	10	10	0	0	10s	100	1	2503
m	465	273	10	10	0	0	10s	100	1	2503
m	461	275	10	10	0	0	10s	100	1	2503
m	456	282	10	10	0	0	10s	100	1	2503
m	458	291	10	10	0	0	10s	100	1	2503
m	443	294	10	10	0	0	10s	100	1	2503
m	387	295	10	10	0	0	10s	100	1	2503
m	451	296	10	10	0	0	10s	100	1	2503
m	390	297	10	10	0	0	10s	100	1	2503
m	387	299	10	10	0	0	10s	100	1	2503
m	395	301	10	10	0	0	10s	100	1	2503
m	394	304	10	10	0	0	10s	100	1	2503
m	427	306	10	10	0	0	10s	100	1	2503
m	446	307	10	10	0	0	10s	100	1	2503
m	425	313	10	10	0	0	10s	100	1	2503
m	432	316	10	10	0	0	10s	100	1	2503
m	443	317	10	10	0	0	10s	100	1	2503
m	409	322	10	10	0	0	10s	100	1	2503
m	403	325	10	10	0	0	10s	100	1	2503
m	406	326	10	10	0	0	10s	100	1	2503
m	413	326	10	10	0	0	10s	100	1	2503
m	400	327	10	10	0	0	10s	100	1	2503
m	394	331	10	10	0	0	10s	100	1	2503
m	381	345	10	10	0	0	10s	100	1	2503
m	385	345	10	10	0	0	10s	100	1	2503
m	406	345	10	10	0	0	10s	100	1	2503
m	406	346	10	10	0	0	10s	100	1	2503
m	402	347	10	10	0	0	10s	100	1	2503
m	388	348	10	10	0	0	10s	100	1	2503
m	381	351	10	10	0	0	10s	100	1	2503
m	404	351	10	10	0	0	10s	100	1	2503
m	394	362	10	10	0	0	10s	100	1	2503
m	401	369	10	10	0	0	10s	100	1	2503
m	408	377	10	10	0	0	10s	100	1	2503
m	394	385	10	10	0	0	10s	100	1	2503
m	411	385	10	10	0	0	10s	100	1	2503
m	409	390	10	10	0	0	10s	100	1	2503
m	393	395	10	10	0	0	10s	100	1	2503
m	392	401	10	10	0	0	10s	100	1	2503
m	406	401	10	10	0	0	10s	100	1	2503
m	384	405	10	10	0	0	10s	100	1	2503
m	406	405	10	10	0	0	10s	100	1	2503
m	408	405	10	10	0	0	10s	100	1	2503
m	405	406	10	10	0	0	10s	100	1	2503
m	363	409	10	10	0	0	10s	100	1	2503
m	338	411	10	10	0	0	10s	100	1	2503
m	347	423	10	10	0	0	10s	100	1	2503
m	307	323	1	1	0	0	10s	100	1	30101
