ga	372	403	1	1	0	0	10s	100	1	6176
ga	369	419	1	1	0	0	10s	100	1	6176
ga	348	426	1	1	0	0	10s	100	1	6176
ga	347	408	1	1	0	0	10s	100	1	6176
ga	335	440	1	1	0	0	10s	100	1	6176
ga	334	463	1	1	0	0	10s	100	1	6176
ga	335	491	1	1	0	0	10s	100	1	6176
ga	341	524	1	1	0	0	10s	100	1	6176
ga	337	552	1	1	0	0	10s	100	1	6176
ga	354	580	1	1	0	0	10s	100	1	6176
ga	376	558	1	1	0	0	10s	100	1	6176
ga	381	542	1	1	0	0	10s	100	1	6176
ga	362	526	1	1	0	0	10s	100	1	6176
ga	366	500	1	1	0	0	10s	100	1	6176
ga	386	490	1	1	0	0	10s	100	1	6176
ga	366	472	1	1	0	0	10s	100	1	6176
ga	372	450	1	1	0	0	10s	100	1	6176
ga	380	428	1	1	0	0	10s	100	1	6176
ga	384	412	1	1	0	0	10s	100	1	6176
ga	330	418	1	1	0	0	10s	100	1	6176
ga	350	496	1	1	0	0	10s	100	1	6176
ga	354	472	1	1	0	0	10s	100	1	6176
ga	340	536	1	1	0	0	10s	100	1	6176
ga	353	544	1	1	0	0	10s	100	1	6176
ga	370	577	1	1	0	0	10s	100	1	6176
ga	338	563	1	1	0	0	10s	100	1	6176
ga	356	560	1	1	0	0	10s	100	1	6177
ga	368	544	1	1	0	0	10s	100	1	6177
ga	352	528	1	1	0	0	10s	100	1	6177
ga	336	508	1	1	0	0	10s	100	1	6177
ga	372	507	1	1	0	0	10s	100	1	6177
ga	376	484	1	1	0	0	10s	100	1	6177
ga	371	438	1	1	0	0	10s	100	1	6177
ga	358	437	1	1	0	0	10s	100	1	6177
ga	354	416	1	1	0	0	10s	100	1	6177
ga	348	396	1	1	0	0	10s	100	1	6177
ga	355	484	1	1	0	0	10s	100	1	6177
ga	370	492	1	1	0	0	10s	100	1	6177
ga	349	510	1	1	0	0	10s	100	1	6177
ga	383	519	1	1	0	0	10s	100	1	6177
ga	384	440	1	1	0	0	10s	100	1	6177
ga	330	535	1	1	0	0	10s	100	1	6177
ga	384	564	1	1	0	0	10s	100	1	6177
ga	364	568	1	1	0	0	10s	100	1	6177
ga	362	510	1	1	0	0	10s	100	1	6177
ga	342	546	1	1	0	0	10s	100	1	6177
ga	360	455	1	1	0	0	10s	100	1	6177
ga	348	438	1	1	0	0	10s	100	1	6177
ga	374	466	1	1	0	0	10s	100	1	6177
ga	380	504	1	1	0	0	10s	100	1	6177
ga	376	530	1	1	0	0	10s	100	1	6176
ga	364	485	1	1	0	0	10s	100	1	6176
ga	344	448	1	1	0	0	10s	100	1	6176
ga	336	428	1	1	0	0	10s	100	1	6176
ga	336	405	1	1	0	0	10s	100	1	6176
ga	362	404	1	1	0	0	10s	100	1	6176
ga	380	550	1	1	0	0	10s	100	1	6176
ga	366	554	1	1	0	0	10s	100	1	6176
ga	344	575	1	1	0	0	10s	100	1	6176
ga	352	590	1	1	0	0	10s	100	1	6176
ga	346	554	1	1	0	0	10s	100	1	6176
ga	330	522	1	1	0	0	10s	100	1	6176
