ga	371	404	1	1	0	0	10s	100	1	6173
ga	355	398	1	1	0	0	10s	100	1	6173
ga	336	414	1	1	0	0	10s	100	1	6173
ga	333	438	1	1	0	0	10s	100	1	6173
ga	370	447	1	1	0	0	10s	100	1	6173
ga	370	470	1	1	0	0	10s	100	1	6173
ga	386	498	1	1	0	0	10s	100	1	6173
ga	344	476	1	1	0	0	10s	100	1	6173
ga	326	478	1	1	0	0	10s	100	1	6173
ga	329	504	1	1	0	0	10s	100	1	6173
ga	339	526	1	1	0	0	10s	100	1	6173
ga	330	542	1	1	0	0	10s	100	1	6173
ga	336	558	1	1	0	0	10s	100	1	6173
ga	346	581	1	1	0	0	10s	100	1	6173
ga	369	572	1	1	0	0	10s	100	1	6173
ga	384	558	1	1	0	0	10s	100	1	6173
ga	369	547	1	1	0	0	10s	100	1	6173
ga	366	499	1	1	0	0	10s	100	1	6173
ga	378	480	1	1	0	0	10s	100	1	6173
ga	346	440	1	1	0	0	10s	100	1	6173
ga	371	426	1	1	0	0	10s	100	1	6173
ga	353	422	1	1	0	0	10s	100	1	6174
ga	357	440	1	1	0	0	10s	100	1	6174
ga	354	460	1	1	0	0	10s	100	1	6174
ga	358	477	1	1	0	0	10s	100	1	6174
ga	346	501	1	1	0	0	10s	100	1	6174
ga	362	524	1	1	0	0	10s	100	1	6174
ga	376	538	1	1	0	0	10s	100	1	6174
ga	374	502	1	1	0	0	10s	100	1	6174
ga	376	558	1	1	0	0	10s	100	1	6174
ga	354	554	1	1	0	0	10s	100	1	6174
ga	343	534	1	1	0	0	10s	100	1	6174
ga	342	552	1	1	0	0	10s	100	1	6174
ga	334	577	1	1	0	0	10s	100	1	6174
ga	356	571	1	1	0	0	10s	100	1	6174
ga	342	512	1	1	0	0	10s	100	1	6174
ga	331	469	1	1	0	0	10s	100	1	6174
ga	335	450	1	1	0	0	10s	100	1	6174
ga	380	428	1	1	0	0	10s	100	1	6174
ga	354	409	1	1	0	0	10s	100	1	6174
ga	340	424	1	1	0	0	10s	100	1	6174
ga	371	486	1	1	0	0	10s	100	1	6174
ga	354	492	1	1	0	0	10s	100	1	6174
ga	374	517	1	1	0	0	10s	100	1	6174
ga	381	530	1	1	0	0	10s	100	1	6174
ga	356	539	1	1	0	0	10s	100	1	6174
ga	357	514	1	1	0	0	10s	100	1	6174
ga	378	455	1	1	0	0	10s	100	1	6174
ga	388	414	1	1	0	0	10s	100	1	6174
ga	376	417	1	1	0	0	10s	100	1	6173
ga	326	454	1	1	0	0	10s	100	1	6174
ga	331	526	1	1	0	0	10s	100	1	6174
ga	380	545	1	1	0	0	10s	100	1	6174
ga	386	516	1	1	0	0	10s	100	1	6174
ga	387	480	1	1	0	0	10s	100	1	6174
ga	386	454	1	1	0	0	10s	100	1	6174
ga	363	416	1	1	0	0	10s	100	1	6174
ga	362	458	1	1	0	0	10s	100	1	6174
ga	374	438	1	1	0	0	10s	100	1	6174
ga	367	510	1	1	0	0	10s	100	1	6174
ga	334	491	1	1	0	0	10s	100	1	6174
ga	334	540	1	1	0	0	10s	100	1	6174
ga	346	565	1	1	0	0	10s	100	1	6174
ga	378	570	1	1	0	0	10s	100	1	6174
ga	362	584	1	1	0	0	10s	100	1	6174
ga	364	484	1	1	0	0	10s	100	1	6173
ga	351	451	1	1	0	0	10s	100	1	6173
ga	366	436	1	1	0	0	10s	100	1	6173
ga	380	406	1	1	0	0	10s	100	1	6173
ga	378	464	1	1	0	0	10s	100	1	6173
ga	379	491	1	1	0	0	10s	100	1	6173
ga	328	495	1	1	0	0	10s	100	1	6173
ga	351	530	1	1	0	0	10s	100	1	6173
ga	356	501	1	1	0	0	10s	100	1	6173
ga	346	490	1	1	0	0	10s	100	1	6173
ga	340	464	1	1	0	0	10s	100	1	6173
ga	349	430	1	1	0	0	10s	100	1	6173
ga	365	425	1	1	0	0	10s	100	1	6173
