ga	370	408	1	1	0	0	10s	100	1	6175
ga	372	425	1	1	0	0	10s	100	1	6175
ga	376	443	1	1	0	0	10s	100	1	6175
ga	358	441	1	1	0	0	10s	100	1	6175
ga	341	430	1	1	0	0	10s	100	1	6175
ga	346	404	1	1	0	0	10s	100	1	6175
ga	336	416	1	1	0	0	10s	100	1	6175
ga	326	430	1	1	0	0	10s	100	1	6175
ga	328	450	1	1	0	0	10s	100	1	6175
ga	327	467	1	1	0	0	10s	100	1	6175
ga	329	486	1	1	0	0	10s	100	1	6175
ga	337	510	1	1	0	0	10s	100	1	6175
ga	334	540	1	1	0	0	10s	100	1	6175
ga	336	556	1	1	0	0	10s	100	1	6175
ga	350	566	1	1	0	0	10s	100	1	6175
ga	372	552	1	1	0	0	10s	100	1	6175
ga	372	539	1	1	0	0	10s	100	1	6175
ga	383	510	1	1	0	0	10s	100	1	6175
ga	376	483	1	1	0	0	10s	100	1	6175
ga	360	502	1	1	0	0	10s	100	1	6175
ga	345	509	1	1	0	0	10s	100	1	6175
ga	341	534	1	1	0	0	10s	100	1	6175
ga	360	526	1	1	0	0	10s	100	1	6175
ga	358	480	1	1	0	0	10s	100	1	6175
ga	368	465	1	1	0	0	10s	100	1	6175
ga	358	453	1	1	0	0	10s	100	1	6175
ga	345	441	1	1	0	0	10s	100	1	6175
ga	354	420	1	1	0	0	10s	100	1	6175
ga	378	412	1	1	0	0	10s	100	1	6175
ga	382	457	1	1	0	0	10s	100	1	6175
ga	386	488	1	1	0	0	10s	100	1	6175
ga	384	562	1	1	0	0	10s	100	1	6175
ga	380	526	1	1	0	0	10s	100	1	6175
ga	346	494	1	1	0	0	10s	100	1	6175
ga	354	584	1	1	0	0	10s	100	1	6175
ga	373	572	1	1	0	0	10s	100	1	6175
ga	358	408	1	1	0	0	10s	100	1	6176
ga	378	406	1	1	0	0	10s	100	1	6176
ga	386	428	1	1	0	0	10s	100	1	6176
ga	368	440	1	1	0	0	10s	100	1	6176
ga	344	418	1	1	0	0	10s	100	1	6176
ga	332	404	1	1	0	0	10s	100	1	6176
ga	336	464	1	1	0	0	10s	100	1	6176
ga	349	478	1	1	0	0	10s	100	1	6176
ga	372	502	1	1	0	0	10s	100	1	6176
ga	369	482	1	1	0	0	10s	100	1	6176
ga	346	542	1	1	0	0	10s	100	1	6176
ga	358	548	1	1	0	0	10s	100	1	6176
ga	382	543	1	1	0	0	10s	100	1	6176
ga	368	566	1	1	0	0	10s	100	1	6176
ga	342	576	1	1	0	0	10s	100	1	6176
ga	330	522	1	1	0	0	10s	100	1	6176
ga	327	502	1	1	0	0	10s	100	1	6176
ga	382	496	1	1	0	0	10s	100	1	6176
ga	363	492	1	1	0	0	10s	100	1	6176
ga	352	526	1	1	0	0	10s	100	1	6176
ga	360	537	1	1	0	0	10s	100	1	6176
ga	346	553	1	1	0	0	10s	100	1	6176
ga	365	581	1	1	0	0	10s	100	1	6176
ga	359	466	1	1	0	0	10s	100	1	6176
ga	366	418	1	1	0	0	10s	100	1	6176
ga	360	398	1	1	0	0	10s	100	1	6175
ga	344	470	1	1	0	0	10s	100	1	6175
ga	328	460	1	1	0	0	10s	100	1	6175
ga	335	500	1	1	0	0	10s	100	1	6175
ga	370	514	1	1	0	0	10s	100	1	6175
ga	385	539	1	1	0	0	10s	100	1	6175
ga	388	509	1	1	0	0	10s	100	1	6175
ga	386	413	1	1	0	0	10s	100	1	6175
ga	340	524	1	1	0	0	10s	100	1	6175
