ga	357	648	1	1	0	0	10s	100	1	6178
ga	358	662	1	1	0	0	10s	100	1	6178
ga	377	672	1	1	0	0	10s	100	1	6178
ga	388	698	1	1	0	0	10s	100	1	6178
ga	370	696	1	1	0	0	10s	100	1	6178
ga	344	694	1	1	0	0	10s	100	1	6178
ga	338	712	1	1	0	0	10s	100	1	6178
ga	318	714	1	1	0	0	10s	100	1	6178
ga	312	678	1	1	0	0	10s	100	1	6178
ga	338	678	1	1	0	0	10s	100	1	6178
ga	324	661	1	0	0	0	10s	100	1	6178
ga	338	649	1	1	0	0	10s	100	1	6178
ga	314	648	1	1	0	0	10s	100	1	6178
ga	308	702	1	1	0	0	10s	100	1	6178
ga	356	676	1	1	0	0	10s	100	1	6178
ga	360	698	1	1	0	0	10s	100	1	6178
ga	375	714	1	1	0	0	10s	100	1	6178
ga	388	658	1	1	0	0	10s	100	1	6178
ga	396	663	1	1	0	0	10s	100	1	6178
ga	398	693	1	1	0	0	10s	100	1	6178
ga	327	691	1	0	0	0	10s	100	1	6178
ga	354	718	1	1	0	0	10s	100	1	6178
ga	384	643	1	1	0	0	10s	100	1	6178
ga	404	646	1	1	0	0	10s	100	1	6178
ga	400	721	1	0	0	0	10s	100	1	6178
ga	317	724	1	1	0	0	10s	100	1	6178
m	354	710	0	0	0	0	60s	100	1	4109
