g	198	139	10	10	0	0	60s	100	1	3023
g	208	150	10	10	0	0	60s	100	1	3023
g	262	157	10	10	0	0	60s	100	1	3023
g	224	160	10	10	0	0	60s	100	1	3023
g	222	164	10	10	0	0	60s	100	1	3023
g	240	172	10	10	0	0	60s	100	1	3023
g	219	176	10	10	0	0	60s	100	1	3023
g	221	189	10	10	0	0	60s	100	1	3023
g	175	200	10	10	0	0	60s	100	1	3023
g	203	220	10	10	0	0	60s	100	1	3023
g	203	250	10	10	0	0	60s	100	1	3023
g	214	264	10	10	0	0	60s	100	1	3023
g	273	334	10	10	0	0	60s	100	1	3023
g	237	335	10	10	0	0	60s	100	1	3023
g	266	385	10	10	0	0	60s	100	1	3023
g	273	399	10	10	0	0	60s	100	1	3023
g	273	417	10	10	0	0	60s	100	1	3023
g	332	451	10	10	0	0	60s	100	1	3023
g	298	465	10	10	0	0	60s	100	1	3023
g	261	480	10	10	0	0	60s	100	1	3023
g	285	483	10	10	0	0	60s	100	1	3023
g	259	486	10	10	0	0	60s	100	1	3023
g	321	491	10	10	0	0	60s	100	1	3023
g	330	494	10	10	0	0	60s	100	1	3023
g	204	496	10	10	0	0	60s	100	1	3023
g	296	499	10	10	0	0	60s	100	1	3023
g	234	505	10	10	0	0	60s	100	1	3023
g	233	506	10	10	0	0	60s	100	1	3023
g	326	514	10	10	0	0	60s	100	1	3023
g	173	515	10	10	0	0	60s	100	1	3023
g	307	515	10	10	0	0	60s	100	1	3023
g	304	516	10	10	0	0	60s	100	1	3023
g	113	520	10	10	0	0	60s	100	1	3023
g	115	522	10	10	0	0	60s	100	1	3023
g	249	526	10	10	0	0	60s	100	1	3023
g	306	529	10	10	0	0	60s	100	1	3023
g	185	530	10	10	0	0	60s	100	1	3023
g	262	530	10	10	0	0	60s	100	1	3023
g	219	531	10	10	0	0	60s	100	1	3023
g	214	532	10	10	0	0	60s	100	1	3023
g	273	534	10	10	0	0	60s	100	1	3023
g	176	540	10	10	0	0	60s	100	1	3023
g	236	543	10	10	0	0	60s	100	1	3023
g	199	544	10	10	0	0	60s	100	1	3023
g	114	548	10	10	0	0	60s	100	1	3023
g	112	549	10	10	0	0	60s	100	1	3023
g	251	551	10	10	0	0	60s	100	1	3023
g	176	553	10	10	0	0	60s	100	1	3023
g	167	554	10	10	0	0	60s	100	1	3023
g	111	558	10	10	0	0	60s	100	1	3023
g	160	568	10	10	0	0	60s	100	1	3023
g	177	246	10	10	0	0	60s	100	1	3024
g	192	247	10	10	0	0	60s	100	1	3024
g	166	258	10	10	0	0	60s	100	1	3024
g	144	264	10	10	0	0	60s	100	1	3024
g	165	281	10	10	0	0	60s	100	1	3024
g	137	317	10	10	0	0	60s	100	1	3024
g	170	317	10	10	0	0	60s	100	1	3024
g	151	320	10	10	0	0	60s	100	1	3024
g	214	339	10	10	0	0	60s	100	1	3024
g	195	341	10	10	0	0	60s	100	1	3024
g	122	345	10	10	0	0	60s	100	1	3024
g	154	348	10	10	0	0	60s	100	1	3024
g	238	350	10	10	0	0	60s	100	1	3024
g	184	354	10	10	0	0	60s	100	1	3024
g	212	356	10	10	0	0	60s	100	1	3024
g	249	364	10	10	0	0	60s	100	1	3024
g	132	365	10	10	0	0	60s	100	1	3024
g	144	371	10	10	0	0	60s	100	1	3024
g	152	373	10	10	0	0	60s	100	1	3024
g	184	373	10	10	0	0	60s	100	1	3024
g	136	382	10	10	0	0	60s	100	1	3024
g	157	382	10	10	0	0	60s	100	1	3024
g	152	385	10	10	0	0	60s	100	1	3024
g	201	387	10	10	0	0	60s	100	1	3024
g	199	390	10	10	0	0	60s	100	1	3024
g	208	390	10	10	0	0	60s	100	1	3024
g	215	397	10	10	0	0	60s	100	1	3024
g	167	398	10	10	0	0	60s	100	1	3024
g	139	399	10	10	0	0	60s	100	1	3024
g	198	403	10	10	0	0	60s	100	1	3024
g	216	403	10	10	0	0	60s	100	1	3024
g	153	419	10	10	0	0	60s	100	1	3024
g	151	427	10	10	0	0	60s	100	1	3024
g	185	432	10	10	0	0	60s	100	1	3024
g	192	432	10	10	0	0	60s	100	1	3024
g	245	432	10	10	0	0	60s	100	1	3024
g	250	434	10	10	0	0	60s	100	1	3024
g	163	452	10	10	0	0	60s	100	1	3024
g	195	460	10	10	0	0	60s	100	1	3024
g	239	460	10	10	0	0	60s	100	1	3024
g	147	461	10	10	0	0	60s	100	1	3024
g	127	470	10	10	0	0	60s	100	1	3024
g	229	472	10	10	0	0	60s	100	1	3024
g	121	473	10	10	0	0	60s	100	1	3024
g	144	476	10	10	0	0	60s	100	1	3024
g	146	480	10	10	0	0	60s	100	1	3024
g	138	487	10	10	0	0	60s	100	1	3024
g	130	503	10	10	0	0	60s	100	1	3024
g	157	510	10	10	0	0	60s	100	1	3024
g	146	513	10	10	0	0	60s	100	1	3024
g	328	158	10	10	0	0	60s	100	1	3022
g	346	159	10	10	0	0	60s	100	1	3022
g	348	172	10	10	0	0	60s	100	1	3022
g	286	173	10	10	0	0	60s	100	1	3022
g	302	173	10	10	0	0	60s	100	1	3022
g	339	173	10	10	0	0	60s	100	1	3022
g	311	176	10	10	0	0	60s	100	1	3022
g	275	186	10	10	0	0	60s	100	1	3022
g	283	188	10	10	0	0	60s	100	1	3022
g	343	196	10	10	0	0	60s	100	1	3022
g	351	210	10	10	0	0	60s	100	1	3022
g	341	212	10	10	0	0	60s	100	1	3022
g	311	238	10	10	0	0	60s	100	1	3022
g	327	242	10	10	0	0	60s	100	1	3022
g	281	261	10	10	0	0	60s	100	1	3022
g	324	261	10	10	0	0	60s	100	1	3022
g	272	264	10	10	0	0	60s	100	1	3022
g	292	264	10	10	0	0	60s	100	1	3022
g	300	266	10	10	0	0	60s	100	1	3022
g	316	273	10	10	0	0	60s	100	1	3022
g	320	275	10	10	0	0	60s	100	1	3022
g	324	275	10	10	0	0	60s	100	1	3022
g	316	282	10	10	0	0	60s	100	1	3022
g	300	300	10	10	0	0	60s	100	1	3022
g	305	313	10	10	0	0	60s	100	1	3022
g	380	453	10	10	0	0	60s	100	1	3022
g	355	483	10	10	0	0	60s	100	1	3022
g	372	487	10	10	0	0	60s	100	1	3022
g	395	493	10	10	0	0	60s	100	1	3022
g	364	494	10	10	0	0	60s	100	1	3022
g	403	497	10	10	0	0	60s	100	1	3022
g	406	498	10	10	0	0	60s	100	1	3022
g	379	507	10	10	0	0	60s	100	1	3022
g	345	509	10	10	0	0	60s	100	1	3022
g	387	510	10	10	0	0	60s	100	1	3022
g	377	512	10	10	0	0	60s	100	1	3022
g	388	518	10	10	0	0	60s	100	1	3022
g	411	531	10	10	0	0	60s	100	1	3022
g	358	534	10	10	0	0	60s	100	1	3022
g	394	536	10	10	0	0	60s	100	1	3022
g	358	538	10	10	0	0	60s	100	1	3022
g	331	539	10	10	0	0	60s	100	1	3022
g	440	546	10	10	0	0	60s	100	1	3022
g	331	548	10	10	0	0	60s	100	1	3022
g	418	550	10	10	0	0	60s	100	1	3022
g	330	551	10	10	0	0	60s	100	1	3022
g	430	552	10	10	0	0	60s	100	1	3022
g	335	554	10	10	0	0	60s	100	1	3022
g	362	556	10	10	0	0	60s	100	1	3022
g	402	557	10	10	0	0	60s	100	1	3022
g	435	558	10	10	0	0	60s	100	1	3022
g	274	559	10	10	0	0	60s	100	1	3022
g	322	560	10	10	0	0	60s	100	1	3022
g	382	562	10	10	0	0	60s	100	1	3022
g	422	562	10	10	0	0	60s	100	1	3022
g	337	563	10	10	0	0	60s	100	1	3022
g	405	563	10	10	0	0	60s	100	1	3022
g	440	565	10	10	0	0	60s	100	1	3022
g	356	568	10	10	0	0	60s	100	1	3022
g	214	572	10	10	0	0	60s	100	1	3022
g	168	576	10	10	0	0	60s	100	1	3022
g	340	590	10	10	0	0	60s	100	1	3022
g	178	593	10	10	0	0	60s	100	1	3022
g	190	757	10	10	0	0	60s	100	1	3015
g	187	770	10	10	0	0	60s	100	1	3015
g	158	771	10	10	0	0	60s	100	1	3015
g	147	781	10	10	0	0	60s	100	1	3015
g	150	784	10	10	0	0	60s	100	1	3015
g	171	786	10	10	0	0	60s	100	1	3015
g	243	789	10	10	0	0	60s	100	1	3015
g	236	791	10	10	0	0	60s	100	1	3015
g	185	794	10	10	0	0	60s	100	1	3015
g	162	796	10	10	0	0	60s	100	1	3015
g	143	804	10	10	0	0	60s	100	1	3015
g	197	804	10	10	0	0	60s	100	1	3015
g	222	806	10	10	0	0	60s	100	1	3015
g	239	808	10	10	0	0	60s	100	1	3015
g	173	810	10	10	0	0	60s	100	1	3015
g	170	815	10	10	0	0	60s	100	1	3015
g	208	815	10	10	0	0	60s	100	1	3015
g	270	817	10	10	0	0	60s	100	1	3015
g	262	819	10	10	0	0	60s	100	1	3015
g	200	821	10	10	0	0	60s	100	1	3015
g	152	822	10	10	0	0	60s	100	1	3015
g	218	823	10	10	0	0	60s	100	1	3015
g	299	824	10	10	0	0	60s	100	1	3015
g	171	831	10	10	0	0	60s	100	1	3015
g	155	832	10	10	0	0	60s	100	1	3015
g	288	832	10	10	0	0	60s	100	1	3015
g	186	833	10	10	0	0	60s	100	1	3015
g	221	833	10	10	0	0	60s	100	1	3015
g	179	834	10	10	0	0	60s	100	1	3015
g	193	836	10	10	0	0	60s	100	1	3015
g	271	840	10	10	0	0	60s	100	1	3015
g	257	841	10	10	0	0	60s	100	1	3015
g	201	845	10	10	0	0	60s	100	1	3015
g	268	851	10	10	0	0	60s	100	1	3015
g	285	851	10	10	0	0	60s	100	1	3015
g	193	853	10	10	0	0	60s	100	1	3015
g	180	857	10	10	0	0	60s	100	1	3015
g	227	857	10	10	0	0	60s	100	1	3015
g	278	857	10	10	0	0	60s	100	1	3015
g	206	859	10	10	0	0	60s	100	1	3015
g	279	859	10	10	0	0	60s	100	1	3015
g	127	864	10	10	0	0	60s	100	1	3015
g	292	870	10	10	0	0	60s	100	1	3015
g	286	872	10	10	0	0	60s	100	1	3015
g	257	877	10	10	0	0	60s	100	1	3015
g	139	879	10	10	0	0	60s	100	1	3015
g	207	881	10	10	0	0	60s	100	1	3015
g	217	882	10	10	0	0	60s	100	1	3015
g	140	887	10	10	0	0	60s	100	1	3015
g	146	890	10	10	0	0	60s	100	1	3015
g	237	896	10	10	0	0	60s	100	1	3015
g	192	913	10	10	0	0	60s	100	1	3015
g	253	915	10	10	0	0	60s	100	1	3015
g	236	919	10	10	0	0	60s	100	1	3015
g	254	921	10	10	0	0	60s	100	1	3015
g	235	930	10	10	0	0	60s	100	1	3015
g	164	931	10	10	0	0	60s	100	1	3015
g	208	931	10	10	0	0	60s	100	1	3015
g	192	934	10	10	0	0	60s	100	1	3015
g	203	943	10	10	0	0	60s	100	1	3015
g	156	959	10	10	0	0	60s	100	1	3015
g	201	969	10	10	0	0	60s	100	1	3015
g	213	980	10	10	0	0	60s	100	1	3015
g	189	981	10	10	0	0	60s	100	1	3015
g	167	989	10	10	0	0	60s	100	1	3015
g	144	991	10	10	0	0	60s	100	1	3015
g	150	992	10	10	0	0	60s	100	1	3015
g	194	994	10	10	0	0	60s	100	1	3015
g	140	1006	10	10	0	0	60s	100	1	3015
g	157	1022	10	10	0	0	60s	100	1	3015
g	174	1039	10	10	0	0	60s	100	1	3015
g	177	1045	10	10	0	0	60s	100	1	3015
g	167	1052	10	10	0	0	60s	100	1	3015
g	120	636	10	10	0	0	60s	100	1	3014
g	205	646	10	10	0	0	60s	100	1	3014
g	176	647	10	10	0	0	60s	100	1	3014
g	222	650	10	10	0	0	60s	100	1	3014
g	220	654	10	10	0	0	60s	100	1	3014
g	130	656	10	10	0	0	60s	100	1	3014
g	168	657	10	10	0	0	60s	100	1	3014
g	194	659	10	10	0	0	60s	100	1	3014
g	139	660	10	10	0	0	60s	100	1	3014
g	153	660	10	10	0	0	60s	100	1	3014
g	223	662	10	10	0	0	60s	100	1	3014
g	228	664	10	10	0	0	60s	100	1	3014
g	110	666	10	10	0	0	60s	100	1	3014
g	217	668	10	10	0	0	60s	100	1	3014
g	173	671	10	10	0	0	60s	100	1	3014
g	238	690	10	10	0	0	60s	100	1	3014
g	137	700	10	10	0	0	60s	100	1	3014
g	128	701	10	10	0	0	60s	100	1	3014
g	124	706	10	10	0	0	60s	100	1	3014
g	163	713	10	10	0	0	60s	100	1	3014
g	133	718	10	10	0	0	60s	100	1	3014
g	207	722	10	10	0	0	60s	100	1	3014
g	120	742	10	10	0	0	60s	100	1	3014
g	232	743	10	10	0	0	60s	100	1	3014
g	247	751	10	10	0	0	60s	100	1	3014
g	121	758	10	10	0	0	60s	100	1	3014
g	234	764	10	10	0	0	60s	100	1	3014
g	129	768	10	10	0	0	60s	100	1	3014
g	203	769	10	10	0	0	60s	100	1	3014
g	110	780	10	10	0	0	60s	100	1	3014
g	242	941	10	10	0	0	60s	100	1	3014
g	223	962	10	10	0	0	60s	100	1	3014
g	245	986	10	10	0	0	60s	100	1	3014
g	234	987	10	10	0	0	60s	100	1	3014
g	262	989	10	10	0	0	60s	100	1	3014
g	243	1001	10	10	0	0	60s	100	1	3014
g	228	1017	10	10	0	0	60s	100	1	3014
g	230	1026	10	10	0	0	60s	100	1	3014
g	230	1033	10	10	0	0	60s	100	1	3014
g	249	1045	10	10	0	0	60s	100	1	3014
g	249	1058	10	10	0	0	60s	100	1	3014
g	243	1066	10	10	0	0	60s	100	1	3014
g	181	1068	10	10	0	0	60s	100	1	3014
g	187	1068	10	10	0	0	60s	100	1	3014
g	226	1080	10	10	0	0	60s	100	1	3014
g	198	1081	10	10	0	0	60s	100	1	3014
g	112	1082	10	10	0	0	60s	100	1	3014
g	167	1083	10	10	0	0	60s	100	1	3014
g	101	1092	10	10	0	0	60s	100	1	3014
g	242	1094	10	10	0	0	60s	100	1	3014
g	187	1095	10	10	0	0	60s	100	1	3014
g	129	1096	10	10	0	0	60s	100	1	3014
g	245	1102	10	10	0	0	60s	100	1	3014
g	108	1104	10	10	0	0	60s	100	1	3014
g	184	1108	10	10	0	0	60s	100	1	3014
g	108	1109	10	10	0	0	60s	100	1	3014
g	95	1113	10	10	0	0	60s	100	1	3014
g	177	1117	10	10	0	0	60s	100	1	3014
g	124	1118	10	10	0	0	60s	100	1	3014
g	163	1120	10	10	0	0	60s	100	1	3014
g	163	1122	10	10	0	0	60s	100	1	3014
g	165	1133	10	10	0	0	60s	100	1	3014
g	332	1325	10	10	0	0	60s	100	1	3016
g	330	1329	10	10	0	0	60s	100	1	3016
g	333	1332	10	10	0	0	60s	100	1	3016
g	354	1334	10	10	0	0	60s	100	1	3016
g	367	1334	10	10	0	0	60s	100	1	3016
g	351	1341	10	10	0	0	60s	100	1	3016
g	472	1344	10	10	0	0	60s	100	1	3016
g	344	1349	10	10	0	0	60s	100	1	3016
g	424	1350	10	10	0	0	60s	100	1	3016
g	350	1352	10	10	0	0	60s	100	1	3016
g	440	1353	10	10	0	0	60s	100	1	3016
g	398	1355	10	10	0	0	60s	100	1	3016
g	438	1355	10	10	0	0	60s	100	1	3016
g	341	1356	10	10	0	0	60s	100	1	3016
g	419	1358	10	10	0	0	60s	100	1	3016
g	423	1360	10	10	0	0	60s	100	1	3016
g	431	1361	10	10	0	0	60s	100	1	3016
g	468	1361	10	10	0	0	60s	100	1	3016
g	546	53	10	10	0	0	60s	100	1	3017
g	568	68	10	10	0	0	60s	100	1	3017
g	543	90	10	10	0	0	60s	100	1	3017
g	520	96	10	10	0	0	60s	100	1	3017
g	618	98	10	10	0	0	60s	100	1	3017
g	591	104	10	10	0	0	60s	100	1	3017
g	618	108	10	10	0	0	60s	100	1	3017
g	379	114	10	10	0	0	60s	100	1	3017
g	600	114	10	10	0	0	60s	100	1	3017
g	622	115	10	10	0	0	60s	100	1	3017
g	583	119	10	10	0	0	60s	100	1	3017
g	637	122	10	10	0	0	60s	100	1	3017
g	648	124	10	10	0	0	60s	100	1	3017
g	483	128	10	10	0	0	60s	100	1	3017
g	438	129	10	10	0	0	60s	100	1	3017
g	640	129	10	10	0	0	60s	100	1	3017
g	480	131	10	10	0	0	60s	100	1	3017
g	565	134	10	10	0	0	60s	100	1	3017
g	535	136	10	10	0	0	60s	100	1	3017
g	606	136	10	10	0	0	60s	100	1	3017
g	656	136	10	10	0	0	60s	100	1	3017
g	505	138	10	10	0	0	60s	100	1	3017
g	362	139	10	10	0	0	60s	100	1	3017
g	524	142	10	10	0	0	60s	100	1	3017
g	562	145	10	10	0	0	60s	100	1	3017
g	701	146	10	10	0	0	60s	100	1	3017
g	701	148	10	10	0	0	60s	100	1	3017
g	571	150	10	10	0	0	60s	100	1	3017
g	384	151	10	10	0	0	60s	100	1	3017
g	641	151	10	10	0	0	60s	100	1	3017
g	491	153	10	10	0	0	60s	100	1	3017
g	706	155	10	10	0	0	60s	100	1	3017
g	437	156	10	10	0	0	60s	100	1	3017
g	497	162	10	10	0	0	60s	100	1	3017
g	430	164	10	10	0	0	60s	100	1	3017
g	388	165	10	10	0	0	60s	100	1	3017
g	559	165	10	10	0	0	60s	100	1	3017
g	430	168	10	10	0	0	60s	100	1	3017
g	446	168	10	10	0	0	60s	100	1	3017
g	448	173	10	10	0	0	60s	100	1	3017
g	455	173	10	10	0	0	60s	100	1	3017
g	416	182	10	10	0	0	60s	100	1	3017
g	421	182	10	10	0	0	60s	100	1	3017
g	440	183	10	10	0	0	60s	100	1	3017
g	586	183	10	10	0	0	60s	100	1	3017
g	653	184	10	10	0	0	60s	100	1	3017
g	495	186	10	10	0	0	60s	100	1	3017
g	679	187	10	10	0	0	60s	100	1	3017
g	522	190	10	10	0	0	60s	100	1	3017
g	601	190	10	10	0	0	60s	100	1	3017
g	412	192	10	10	0	0	60s	100	1	3017
g	400	193	10	10	0	0	60s	100	1	3017
g	670	198	10	10	0	0	60s	100	1	3017
g	646	201	10	10	0	0	60s	100	1	3017
g	636	202	10	10	0	0	60s	100	1	3017
g	646	202	10	10	0	0	60s	100	1	3017
g	660	203	10	10	0	0	60s	100	1	3017
g	440	204	10	10	0	0	60s	100	1	3017
g	441	204	10	10	0	0	60s	100	1	3017
g	468	208	10	10	0	0	60s	100	1	3017
g	678	226	10	10	0	0	60s	100	1	3017
g	649	228	10	10	0	0	60s	100	1	3017
g	660	228	10	10	0	0	60s	100	1	3017
g	692	232	10	10	0	0	60s	100	1	3017
g	685	236	10	10	0	0	60s	100	1	3017
g	646	237	10	10	0	0	60s	100	1	3017
g	633	239	10	10	0	0	60s	100	1	3017
g	446	241	10	10	0	0	60s	100	1	3017
g	671	242	10	10	0	0	60s	100	1	3017
g	414	268	10	10	0	0	60s	100	1	3017
g	404	272	10	10	0	0	60s	100	1	3017
g	455	286	10	10	0	0	60s	100	1	3017
g	457	293	10	10	0	0	60s	100	1	3017
g	379	295	10	10	0	0	60s	100	1	3017
g	417	300	10	10	0	0	60s	100	1	3017
g	406	318	10	10	0	0	60s	100	1	3017
g	386	357	10	10	0	0	60s	100	1	3017
g	386	370	10	10	0	0	60s	100	1	3017
g	396	371	10	10	0	0	60s	100	1	3017
g	414	381	10	10	0	0	60s	100	1	3017
g	403	389	10	10	0	0	60s	100	1	3017
g	419	393	10	10	0	0	60s	100	1	3017
g	390	396	10	10	0	0	60s	100	1	3017
g	432	411	10	10	0	0	60s	100	1	3017
g	418	459	10	10	0	0	60s	100	1	3017
g	424	459	10	10	0	0	60s	100	1	3017
g	449	498	10	10	0	0	60s	100	1	3017
g	651	538	10	10	0	0	60s	100	1	3017
g	606	541	10	10	0	0	60s	100	1	3017
g	628	555	10	10	0	0	60s	100	1	3017
g	654	559	10	10	0	0	60s	100	1	3017
g	581	575	10	10	0	0	60s	100	1	3017
g	605	581	10	10	0	0	60s	100	1	3017
g	644	584	10	10	0	0	60s	100	1	3017
g	641	588	10	10	0	0	60s	100	1	3017
g	689	589	10	10	0	0	60s	100	1	3017
g	655	606	10	10	0	0	60s	100	1	3017
g	378	618	10	10	0	0	60s	100	1	3017
g	650	619	10	10	0	0	60s	100	1	3017
g	642	625	10	10	0	0	60s	100	1	3017
g	658	628	10	10	0	0	60s	100	1	3017
g	690	628	10	10	0	0	60s	100	1	3017
g	374	630	10	10	0	0	60s	100	1	3017
g	647	635	10	10	0	0	60s	100	1	3017
g	659	639	10	10	0	0	60s	100	1	3017
g	642	640	10	10	0	0	60s	100	1	3017
g	431	645	10	10	0	0	60s	100	1	3017
g	661	652	10	10	0	0	60s	100	1	3017
g	371	658	10	10	0	0	60s	100	1	3017
g	666	658	10	10	0	0	60s	100	1	3017
g	704	660	10	10	0	0	60s	100	1	3017
g	430	690	10	10	0	0	60s	100	1	3017
g	398	698	10	10	0	0	60s	100	1	3017
g	431	698	10	10	0	0	60s	100	1	3017
g	399	708	10	10	0	0	60s	100	1	3017
g	351	741	10	10	0	0	60s	100	1	3017
g	367	748	10	10	0	0	60s	100	1	3017
g	415	748	10	10	0	0	60s	100	1	3017
g	376	758	10	10	0	0	60s	100	1	3017
g	390	758	10	10	0	0	60s	100	1	3017
g	347	769	10	10	0	0	60s	100	1	3017
g	361	770	10	10	0	0	60s	100	1	3017
g	463	776	10	10	0	0	60s	100	1	3017
g	467	785	10	10	0	0	60s	100	1	3017
g	481	787	10	10	0	0	60s	100	1	3017
g	388	788	10	10	0	0	60s	100	1	3017
g	413	792	10	10	0	0	60s	100	1	3017
g	449	797	10	10	0	0	60s	100	1	3017
g	354	803	10	10	0	0	60s	100	1	3017
g	446	804	10	10	0	0	60s	100	1	3017
g	349	808	10	10	0	0	60s	100	1	3017
g	380	810	10	10	0	0	60s	100	1	3017
g	446	817	10	10	0	0	60s	100	1	3017
g	523	818	10	10	0	0	60s	100	1	3017
g	528	818	10	10	0	0	60s	100	1	3017
g	404	820	10	10	0	0	60s	100	1	3017
g	356	827	10	10	0	0	60s	100	1	3017
g	342	833	10	10	0	0	60s	100	1	3017
g	556	834	10	10	0	0	60s	100	1	3017
g	351	838	10	10	0	0	60s	100	1	3017
g	534	842	10	10	0	0	60s	100	1	3017
g	391	849	10	10	0	0	60s	100	1	3017
g	415	849	10	10	0	0	60s	100	1	3017
g	389	853	10	10	0	0	60s	100	1	3017
g	580	853	10	10	0	0	60s	100	1	3017
g	585	856	10	10	0	0	60s	100	1	3017
g	333	859	10	10	0	0	60s	100	1	3017
g	571	860	10	10	0	0	60s	100	1	3017
g	338	862	10	10	0	0	60s	100	1	3017
g	598	862	10	10	0	0	60s	100	1	3017
g	418	865	10	10	0	0	60s	100	1	3017
g	603	867	10	10	0	0	60s	100	1	3017
g	650	868	10	10	0	0	60s	100	1	3017
g	653	871	10	10	0	0	60s	100	1	3017
g	336	875	10	10	0	0	60s	100	1	3017
g	407	877	10	10	0	0	60s	100	1	3017
g	359	882	10	10	0	0	60s	100	1	3017
g	678	885	10	10	0	0	60s	100	1	3017
g	594	888	10	10	0	0	60s	100	1	3017
g	323	890	10	10	0	0	60s	100	1	3017
g	399	890	10	10	0	0	60s	100	1	3017
g	590	893	10	10	0	0	60s	100	1	3017
g	312	899	10	10	0	0	60s	100	1	3017
g	427	900	10	10	0	0	60s	100	1	3017
g	589	900	10	10	0	0	60s	100	1	3017
g	624	900	10	10	0	0	60s	100	1	3017
g	372	903	10	10	0	0	60s	100	1	3017
g	483	907	10	10	0	0	60s	100	1	3017
g	579	909	10	10	0	0	60s	100	1	3017
g	402	910	10	10	0	0	60s	100	1	3017
g	675	910	10	10	0	0	60s	100	1	3017
g	370	912	10	10	0	0	60s	100	1	3017
g	618	912	10	10	0	0	60s	100	1	3017
g	683	912	10	10	0	0	60s	100	1	3017
g	392	915	10	10	0	0	60s	100	1	3017
g	614	917	10	10	0	0	60s	100	1	3017
g	588	920	10	10	0	0	60s	100	1	3017
g	591	921	10	10	0	0	60s	100	1	3017
g	563	922	10	10	0	0	60s	100	1	3017
g	697	922	10	10	0	0	60s	100	1	3017
g	343	924	10	10	0	0	60s	100	1	3017
g	354	926	10	10	0	0	60s	100	1	3017
g	699	927	10	10	0	0	60s	100	1	3017
g	484	928	10	10	0	0	60s	100	1	3017
g	336	929	10	10	0	0	60s	100	1	3017
g	399	929	10	10	0	0	60s	100	1	3017
g	595	934	10	10	0	0	60s	100	1	3017
g	360	937	10	10	0	0	60s	100	1	3017
g	472	939	10	10	0	0	60s	100	1	3017
g	491	940	10	10	0	0	60s	100	1	3017
g	500	941	10	10	0	0	60s	100	1	3017
g	687	942	10	10	0	0	60s	100	1	3017
g	698	942	10	10	0	0	60s	100	1	3017
g	480	948	10	10	0	0	60s	100	1	3017
g	362	955	10	10	0	0	60s	100	1	3017
g	666	960	10	10	0	0	60s	100	1	3017
g	469	962	10	10	0	0	60s	100	1	3017
g	485	964	10	10	0	0	60s	100	1	3017
g	668	965	10	10	0	0	60s	100	1	3017
g	473	967	10	10	0	0	60s	100	1	3017
g	621	967	10	10	0	0	60s	100	1	3017
g	692	974	10	10	0	0	60s	100	1	3017
g	345	976	10	10	0	0	60s	100	1	3017
g	461	978	10	10	0	0	60s	100	1	3017
g	676	978	10	10	0	0	60s	100	1	3017
g	531	982	10	10	0	0	60s	100	1	3017
g	498	984	10	10	0	0	60s	100	1	3017
g	326	985	10	10	0	0	60s	100	1	3017
g	350	985	10	10	0	0	60s	100	1	3017
g	503	991	10	10	0	0	60s	100	1	3017
g	500	996	10	10	0	0	60s	100	1	3017
g	473	997	10	10	0	0	60s	100	1	3017
g	451	999	10	10	0	0	60s	100	1	3017
g	485	1000	10	10	0	0	60s	100	1	3017
g	665	1004	10	10	0	0	60s	100	1	3017
g	480	1006	10	10	0	0	60s	100	1	3017
g	436	1008	10	10	0	0	60s	100	1	3017
g	489	1011	10	10	0	0	60s	100	1	3017
g	433	1017	10	10	0	0	60s	100	1	3017
g	458	1020	10	10	0	0	60s	100	1	3017
g	356	1022	10	10	0	0	60s	100	1	3017
g	348	1030	10	10	0	0	60s	100	1	3017
g	422	1030	10	10	0	0	60s	100	1	3017
g	500	1030	10	10	0	0	60s	100	1	3017
g	364	1032	10	10	0	0	60s	100	1	3017
g	447	1033	10	10	0	0	60s	100	1	3017
g	514	1033	10	10	0	0	60s	100	1	3017
g	427	1039	10	10	0	0	60s	100	1	3017
g	434	1039	10	10	0	0	60s	100	1	3017
g	424	1057	10	10	0	0	60s	100	1	3017
g	422	1072	10	10	0	0	60s	100	1	3017
g	416	1077	10	10	0	0	60s	100	1	3017
g	369	1079	10	10	0	0	60s	100	1	3017
g	375	1085	10	10	0	0	60s	100	1	3017
g	399	1086	10	10	0	0	60s	100	1	3017
g	432	1087	10	10	0	0	60s	100	1	3017
g	490	1093	10	10	0	0	60s	100	1	3017
g	463	1097	10	10	0	0	60s	100	1	3017
g	359	1098	10	10	0	0	60s	100	1	3017
g	415	1099	10	10	0	0	60s	100	1	3017
g	422	1101	10	10	0	0	60s	100	1	3017
g	469	1101	10	10	0	0	60s	100	1	3017
g	380	1103	10	10	0	0	60s	100	1	3017
g	484	1106	10	10	0	0	60s	100	1	3017
g	448	1117	10	10	0	0	60s	100	1	3017
g	366	1119	10	10	0	0	60s	100	1	3017
g	169	1201	10	10	0	0	60s	100	1	3017
g	188	1215	10	10	0	0	60s	100	1	3017
g	188	1231	10	10	0	0	60s	100	1	3017
g	697	1234	10	10	0	0	60s	100	1	3017
g	242	1236	10	10	0	0	60s	100	1	3017
g	116	1242	10	10	0	0	60s	100	1	3017
g	715	1244	10	10	0	0	60s	100	1	3017
g	705	1245	10	10	0	0	60s	100	1	3017
g	678	1248	10	10	0	0	60s	100	1	3017
g	126	1252	10	10	0	0	60s	100	1	3017
g	181	1257	10	10	0	0	60s	100	1	3017
g	652	1263	10	10	0	0	60s	100	1	3017
g	678	1265	10	10	0	0	60s	100	1	3017
g	255	1267	10	10	0	0	60s	100	1	3017
g	689	1271	10	10	0	0	60s	100	1	3017
g	659	1275	10	10	0	0	60s	100	1	3017
g	197	1279	10	10	0	0	60s	100	1	3017
g	688	1280	10	10	0	0	60s	100	1	3017
g	109	1281	10	10	0	0	60s	100	1	3017
g	173	1284	10	10	0	0	60s	100	1	3017
g	121	1285	10	10	0	0	60s	100	1	3017
g	644	1287	10	10	0	0	60s	100	1	3017
g	204	1289	10	10	0	0	60s	100	1	3017
g	712	1298	10	10	0	0	60s	100	1	3017
g	279	1305	10	10	0	0	60s	100	1	3017
g	697	1306	10	10	0	0	60s	100	1	3017
g	180	1308	10	10	0	0	60s	100	1	3017
g	311	1308	10	10	0	0	60s	100	1	3017
g	629	1308	10	10	0	0	60s	100	1	3017
g	291	1309	10	10	0	0	60s	100	1	3017
g	280	1312	10	10	0	0	60s	100	1	3017
g	286	1318	10	10	0	0	60s	100	1	3017
g	311	1321	10	10	0	0	60s	100	1	3017
g	158	1323	10	10	0	0	60s	100	1	3017
g	225	1333	10	10	0	0	60s	100	1	3017
g	513	1333	10	10	0	0	60s	100	1	3017
g	180	1336	10	10	0	0	60s	100	1	3017
g	480	1337	10	10	0	0	60s	100	1	3017
g	520	1339	10	10	0	0	60s	100	1	3017
g	635	1339	10	10	0	0	60s	100	1	3017
g	651	1340	10	10	0	0	60s	100	1	3017
g	130	1348	10	10	0	0	60s	100	1	3017
g	626	1349	10	10	0	0	60s	100	1	3017
g	150	1350	10	10	0	0	60s	100	1	3017
g	192	1353	10	10	0	0	60s	100	1	3017
g	223	1353	10	10	0	0	60s	100	1	3017
g	179	1358	10	10	0	0	60s	100	1	3017
g	215	1362	10	10	0	0	60s	100	1	3017
g	221	1370	10	10	0	0	60s	100	1	3017
g	511	1371	10	10	0	0	60s	100	1	3017
g	143	1375	10	10	0	0	60s	100	1	3017
g	125	1376	10	10	0	0	60s	100	1	3017
g	193	1377	10	10	0	0	60s	100	1	3017
g	625	1377	10	10	0	0	60s	100	1	3017
g	624	1387	10	10	0	0	60s	100	1	3017
g	624	1391	10	10	0	0	60s	100	1	3017
g	209	1393	10	10	0	0	60s	100	1	3017
g	603	1402	10	10	0	0	60s	100	1	3017
g	645	1404	10	10	0	0	60s	100	1	3017
g	503	1406	10	10	0	0	60s	100	1	3017
g	608	1406	10	10	0	0	60s	100	1	3017
g	611	1421	10	10	0	0	60s	100	1	3017
g	636	1421	10	10	0	0	60s	100	1	3017
g	577	1440	10	10	0	0	60s	100	1	3017
g	570	1443	10	10	0	0	60s	100	1	3017
g	511	1444	10	10	0	0	60s	100	1	3017
g	544	1445	10	10	0	0	60s	100	1	3017
g	568	1446	10	10	0	0	60s	100	1	3017
g	541	1464	10	10	0	0	60s	100	1	3017
g	627	245	10	10	0	0	60s	100	1	3018
g	592	256	10	10	0	0	60s	100	1	3018
g	603	261	10	10	0	0	60s	100	1	3018
g	657	261	10	10	0	0	60s	100	1	3018
g	565	262	10	10	0	0	60s	100	1	3018
g	582	262	10	10	0	0	60s	100	1	3018
g	615	265	10	10	0	0	60s	100	1	3018
g	559	269	10	10	0	0	60s	100	1	3018
g	672	270	10	10	0	0	60s	100	1	3018
g	609	271	10	10	0	0	60s	100	1	3018
g	563	272	10	10	0	0	60s	100	1	3018
g	651	277	10	10	0	0	60s	100	1	3018
g	537	278	10	10	0	0	60s	100	1	3018
g	670	279	10	10	0	0	60s	100	1	3018
g	593	282	10	10	0	0	60s	100	1	3018
g	571	285	10	10	0	0	60s	100	1	3018
g	588	290	10	10	0	0	60s	100	1	3018
g	618	293	10	10	0	0	60s	100	1	3018
g	598	294	10	10	0	0	60s	100	1	3018
g	601	295	10	10	0	0	60s	100	1	3018
g	606	300	10	10	0	0	60s	100	1	3018
g	546	303	10	10	0	0	60s	100	1	3018
g	531	305	10	10	0	0	60s	100	1	3018
g	583	306	10	10	0	0	60s	100	1	3018
g	599	306	10	10	0	0	60s	100	1	3018
g	568	314	10	10	0	0	60s	100	1	3018
g	552	319	10	10	0	0	60s	100	1	3018
g	574	322	10	10	0	0	60s	100	1	3018
g	558	325	10	10	0	0	60s	100	1	3018
g	557	333	10	10	0	0	60s	100	1	3018
g	598	335	10	10	0	0	60s	100	1	3018
g	563	337	10	10	0	0	60s	100	1	3018
g	563	341	10	10	0	0	60s	100	1	3018
g	584	350	10	10	0	0	60s	100	1	3018
g	558	352	10	10	0	0	60s	100	1	3018
g	690	353	10	10	0	0	60s	100	1	3018
g	667	354	10	10	0	0	60s	100	1	3018
g	608	355	10	10	0	0	60s	100	1	3018
g	414	360	10	10	0	0	60s	100	1	3018
g	440	364	10	10	0	0	60s	100	1	3018
g	622	367	10	10	0	0	60s	100	1	3018
g	609	372	10	10	0	0	60s	100	1	3018
g	526	373	10	10	0	0	60s	100	1	3018
g	544	382	10	10	0	0	60s	100	1	3018
g	512	383	10	10	0	0	60s	100	1	3018
g	429	384	10	10	0	0	60s	100	1	3018
g	449	387	10	10	0	0	60s	100	1	3018
g	628	387	10	10	0	0	60s	100	1	3018
g	678	387	10	10	0	0	60s	100	1	3018
g	628	390	10	10	0	0	60s	100	1	3018
g	492	394	10	10	0	0	60s	100	1	3018
g	614	394	10	10	0	0	60s	100	1	3018
g	457	396	10	10	0	0	60s	100	1	3018
g	565	396	10	10	0	0	60s	100	1	3018
g	510	397	10	10	0	0	60s	100	1	3018
g	458	403	10	10	0	0	60s	100	1	3018
g	489	403	10	10	0	0	60s	100	1	3018
g	509	403	10	10	0	0	60s	100	1	3018
g	534	404	10	10	0	0	60s	100	1	3018
g	562	404	10	10	0	0	60s	100	1	3018
g	497	405	10	10	0	0	60s	100	1	3018
g	540	405	10	10	0	0	60s	100	1	3018
g	639	407	10	10	0	0	60s	100	1	3018
g	632	408	10	10	0	0	60s	100	1	3018
g	510	412	10	10	0	0	60s	100	1	3018
g	533	413	10	10	0	0	60s	100	1	3018
g	474	415	10	10	0	0	60s	100	1	3018
g	633	415	10	10	0	0	60s	100	1	3018
g	639	416	10	10	0	0	60s	100	1	3018
g	663	416	10	10	0	0	60s	100	1	3018
g	555	418	10	10	0	0	60s	100	1	3018
g	684	419	10	10	0	0	60s	100	1	3018
g	500	421	10	10	0	0	60s	100	1	3018
g	531	421	10	10	0	0	60s	100	1	3018
g	695	421	10	10	0	0	60s	100	1	3018
g	551	423	10	10	0	0	60s	100	1	3018
g	491	428	10	10	0	0	60s	100	1	3018
g	508	428	10	10	0	0	60s	100	1	3018
g	553	429	10	10	0	0	60s	100	1	3018
g	671	431	10	10	0	0	60s	100	1	3018
g	625	436	10	10	0	0	60s	100	1	3018
g	528	439	10	10	0	0	60s	100	1	3018
g	691	440	10	10	0	0	60s	100	1	3018
g	520	443	10	10	0	0	60s	100	1	3018
g	639	444	10	10	0	0	60s	100	1	3018
g	563	451	10	10	0	0	60s	100	1	3018
g	687	454	10	10	0	0	60s	100	1	3018
g	598	458	10	10	0	0	60s	100	1	3018
g	638	459	10	10	0	0	60s	100	1	3018
g	509	461	10	10	0	0	60s	100	1	3018
g	615	465	10	10	0	0	60s	100	1	3018
g	590	469	10	10	0	0	60s	100	1	3018
g	562	470	10	10	0	0	60s	100	1	3018
g	508	471	10	10	0	0	60s	100	1	3018
g	525	473	10	10	0	0	60s	100	1	3018
g	519	475	10	10	0	0	60s	100	1	3018
g	569	477	10	10	0	0	60s	100	1	3018
g	532	481	10	10	0	0	60s	100	1	3018
g	514	484	10	10	0	0	60s	100	1	3018
g	489	486	10	10	0	0	60s	100	1	3018
g	588	492	10	10	0	0	60s	100	1	3018
g	502	494	10	10	0	0	60s	100	1	3018
g	598	495	10	10	0	0	60s	100	1	3018
g	569	504	10	10	0	0	60s	100	1	3018
g	490	511	10	10	0	0	60s	100	1	3018
g	535	525	10	10	0	0	60s	100	1	3018
g	559	526	10	10	0	0	60s	100	1	3018
g	548	531	10	10	0	0	60s	100	1	3018
g	531	538	10	10	0	0	60s	100	1	3018
g	577	539	10	10	0	0	60s	100	1	3018
g	521	548	10	10	0	0	60s	100	1	3018
g	497	563	10	10	0	0	60s	100	1	3018
g	578	568	10	10	0	0	60s	100	1	3018
g	526	569	10	10	0	0	60s	100	1	3018
g	495	605	10	10	0	0	60s	100	1	3018
g	478	606	10	10	0	0	60s	100	1	3018
g	486	607	10	10	0	0	60s	100	1	3018
g	511	624	10	10	0	0	60s	100	1	3018
g	521	626	10	10	0	0	60s	100	1	3018
g	469	631	10	10	0	0	60s	100	1	3018
g	536	637	10	10	0	0	60s	100	1	3018
g	517	648	10	10	0	0	60s	100	1	3018
g	534	656	10	10	0	0	60s	100	1	3018
g	571	658	10	10	0	0	60s	100	1	3018
g	487	660	10	10	0	0	60s	100	1	3018
g	506	661	10	10	0	0	60s	100	1	3018
g	534	668	10	10	0	0	60s	100	1	3018
g	495	669	10	10	0	0	60s	100	1	3018
g	577	669	10	10	0	0	60s	100	1	3018
g	570	672	10	10	0	0	60s	100	1	3018
g	530	674	10	10	0	0	60s	100	1	3018
g	577	674	10	10	0	0	60s	100	1	3018
g	594	676	10	10	0	0	60s	100	1	3018
g	501	677	10	10	0	0	60s	100	1	3018
g	569	678	10	10	0	0	60s	100	1	3018
g	585	702	10	10	0	0	60s	100	1	3018
g	531	703	10	10	0	0	60s	100	1	3018
g	548	710	10	10	0	0	60s	100	1	3018
g	540	722	10	10	0	0	60s	100	1	3018
g	557	731	10	10	0	0	60s	100	1	3018
g	521	735	10	10	0	0	60s	100	1	3018
g	539	735	10	10	0	0	60s	100	1	3018
g	550	738	10	10	0	0	60s	100	1	3018
g	535	758	10	10	0	0	60s	100	1	3018
g	525	762	10	10	0	0	60s	100	1	3018
g	641	1027	10	10	0	0	60s	100	1	3018
g	663	1060	10	10	0	0	60s	100	1	3018
g	658	1083	10	10	0	0	60s	100	1	3018
g	581	1090	10	10	0	0	60s	100	1	3018
g	659	1093	10	10	0	0	60s	100	1	3018
g	571	1094	10	10	0	0	60s	100	1	3018
g	588	1110	10	10	0	0	60s	100	1	3018
g	655	1114	10	10	0	0	60s	100	1	3018
g	655	1121	10	10	0	0	60s	100	1	3018
g	613	1125	10	10	0	0	60s	100	1	3018
g	677	1125	10	10	0	0	60s	100	1	3018
g	510	1128	10	10	0	0	60s	100	1	3018
g	545	1128	10	10	0	0	60s	100	1	3018
g	522	1162	10	10	0	0	60s	100	1	3018
g	615	1163	10	10	0	0	60s	100	1	3018
g	520	1181	10	10	0	0	60s	100	1	3018
g	541	1181	10	10	0	0	60s	100	1	3018
g	588	1186	10	10	0	0	60s	100	1	3018
g	575	1192	10	10	0	0	60s	100	1	3018
g	527	1194	10	10	0	0	60s	100	1	3018
g	662	1198	10	10	0	0	60s	100	1	3018
g	557	1201	10	10	0	0	60s	100	1	3018
g	661	1212	10	10	0	0	60s	100	1	3018
g	672	1214	10	10	0	0	60s	100	1	3018
g	601	1219	10	10	0	0	60s	100	1	3018
g	670	1223	10	10	0	0	60s	100	1	3018
g	523	1249	10	10	0	0	60s	100	1	3018
g	552	1253	10	10	0	0	60s	100	1	3018
g	552	1268	10	10	0	0	60s	100	1	3018
g	554	1276	10	10	0	0	60s	100	1	3018
g	549	1278	10	10	0	0	60s	100	1	3018
g	544	1279	10	10	0	0	60s	100	1	3018
g	564	1291	10	10	0	0	60s	100	1	3018
g	512	1298	10	10	0	0	60s	100	1	3018
g	550	1311	10	10	0	0	60s	100	1	3018
g	534	1331	10	10	0	0	60s	100	1	3018
g	566	1344	10	10	0	0	60s	100	1	3018
g	263	593	10	10	0	0	60s	100	1	3013
g	256	599	10	10	0	0	60s	100	1	3013
g	273	602	10	10	0	0	60s	100	1	3013
g	241	605	10	10	0	0	60s	100	1	3013
g	260	606	10	10	0	0	60s	100	1	3013
g	167	610	10	10	0	0	60s	100	1	3013
g	210	612	10	10	0	0	60s	100	1	3013
g	268	613	10	10	0	0	60s	100	1	3013
g	177	614	10	10	0	0	60s	100	1	3013
g	270	621	10	10	0	0	60s	100	1	3013
g	188	624	10	10	0	0	60s	100	1	3013
g	243	639	10	10	0	0	60s	100	1	3013
g	345	642	10	10	0	0	60s	100	1	3013
g	318	647	10	10	0	0	60s	100	1	3013
g	260	653	10	10	0	0	60s	100	1	3013
g	320	654	10	10	0	0	60s	100	1	3013
g	309	658	10	10	0	0	60s	100	1	3013
g	277	663	10	10	0	0	60s	100	1	3013
g	328	680	10	10	0	0	60s	100	1	3013
g	280	702	10	10	0	0	60s	100	1	3013
g	280	708	10	10	0	0	60s	100	1	3013
g	347	708	10	10	0	0	60s	100	1	3013
g	345	709	10	10	0	0	60s	100	1	3013
g	300	710	10	10	0	0	60s	100	1	3013
g	333	711	10	10	0	0	60s	100	1	3013
g	304	712	10	10	0	0	60s	100	1	3013
g	323	712	10	10	0	0	60s	100	1	3013
g	296	714	10	10	0	0	60s	100	1	3013
g	283	719	10	10	0	0	60s	100	1	3013
g	302	723	10	10	0	0	60s	100	1	3013
g	304	729	10	10	0	0	60s	100	1	3013
g	303	731	10	10	0	0	60s	100	1	3013
g	316	747	10	10	0	0	60s	100	1	3013
g	299	749	10	10	0	0	60s	100	1	3013
g	291	902	10	10	0	0	60s	100	1	3013
g	291	906	10	10	0	0	60s	100	1	3013
g	289	915	10	10	0	0	60s	100	1	3013
g	286	923	10	10	0	0	60s	100	1	3013
g	271	981	10	10	0	0	60s	100	1	3013
g	290	1022	10	10	0	0	60s	100	1	3013
g	287	1056	10	10	0	0	60s	100	1	3013
g	292	1063	10	10	0	0	60s	100	1	3013
g	290	1070	10	10	0	0	60s	100	1	3013
g	288	1071	10	10	0	0	60s	100	1	3013
g	293	1083	10	10	0	0	60s	100	1	3013
g	253	1107	10	10	0	0	60s	100	1	3013
g	324	1107	10	10	0	0	60s	100	1	3013
g	305	1108	10	10	0	0	60s	100	1	3013
g	318	1111	10	10	0	0	60s	100	1	3013
g	319	1112	10	10	0	0	60s	100	1	3013
g	254	1118	10	10	0	0	60s	100	1	3013
g	272	1123	10	10	0	0	60s	100	1	3013
g	240	1124	10	10	0	0	60s	100	1	3013
g	137	1130	10	10	0	0	60s	100	1	3013
g	96	1131	10	10	0	0	60s	100	1	3013
g	114	1132	10	10	0	0	60s	100	1	3013
g	343	1132	10	10	0	0	60s	100	1	3013
g	269	1133	10	10	0	0	60s	100	1	3013
g	296	1134	10	10	0	0	60s	100	1	3013
g	306	1134	10	10	0	0	60s	100	1	3013
g	253	1138	10	10	0	0	60s	100	1	3013
g	146	1140	10	10	0	0	60s	100	1	3013
g	330	1142	10	10	0	0	60s	100	1	3013
g	297	1143	10	10	0	0	60s	100	1	3013
g	131	1146	10	10	0	0	60s	100	1	3013
g	326	1146	10	10	0	0	60s	100	1	3013
g	208	1148	10	10	0	0	60s	100	1	3013
g	327	1155	10	10	0	0	60s	100	1	3013
g	366	1155	10	10	0	0	60s	100	1	3013
g	236	1161	10	10	0	0	60s	100	1	3013
g	170	1164	10	10	0	0	60s	100	1	3013
g	194	1166	10	10	0	0	60s	100	1	3013
g	175	1168	10	10	0	0	60s	100	1	3013
g	110	1169	10	10	0	0	60s	100	1	3013
g	238	1171	10	10	0	0	60s	100	1	3013
g	338	1172	10	10	0	0	60s	100	1	3013
g	142	1175	10	10	0	0	60s	100	1	3013
g	337	1176	10	10	0	0	60s	100	1	3013
g	210	1178	10	10	0	0	60s	100	1	3013
g	159	1182	10	10	0	0	60s	100	1	3013
g	159	1185	10	10	0	0	60s	100	1	3013
g	215	1187	10	10	0	0	60s	100	1	3013
g	205	1190	10	10	0	0	60s	100	1	3013
g	151	1196	10	10	0	0	60s	100	1	3013
g	190	1201	10	10	0	0	60s	100	1	3013
g	222	1203	10	10	0	0	60s	100	1	3013
