m	153	1171	10	10	0	0	5m	100	1	8051
m	633	1124	10	10	0	0	5m	100	1	8051
m	663	880	10	10	0	0	5m	100	1	8051
m	533	647	10	10	0	0	5m	100	1	8051
m	134	551	10	10	0	0	5m	100	1	8051
m	399	641	10	10	0	0	5m	100	1	8051
m	427	553	10	10	0	0	5m	100	1	8051
m	503	419	10	10	0	0	5m	100	1	8051
m	671	403	10	10	0	0	5m	100	1	8051
m	491	181	10	10	0	0	5m	100	1	8051
m	364	136	10	10	0	0	5m	100	1	8051
m	266	171	10	10	0	0	5m	100	1	8051
m	204	249	10	10	0	0	5m	100	1	8051
m	217	351	10	10	0	0	5m	100	1	8051
m	396	363	10	10	0	0	5m	100	1	8051
m	143	926	10	10	0	0	5m	100	1	8052
m	283	1110	10	10	0	0	5m	100	1	8052
m	500	1356	10	10	0	0	5m	100	1	8052
m	447	1214	10	10	0	0	5m	100	1	8052
m	177	1376	10	10	0	0	5m	100	1	8052
m	301	1296	10	10	0	0	5m	100	1	8052
m	116	1276	10	10	0	0	5m	100	1	8052
m	586	1433	10	10	0	0	5m	100	1	8052
m	669	1249	10	10	0	0	5m	100	1	8052
m	539	1177	10	10	0	0	5m	100	1	8052
m	416	1047	10	10	0	0	5m	100	1	8052
m	483	987	10	10	0	0	5m	100	1	8051
m	410	866	10	10	0	0	5m	100	1	8051
m	620	963	10	10	0	0	5m	100	1	8051
m	490	767	10	10	0	0	5m	100	1	8051
m	321	729	10	10	0	0	5m	100	1	8051
m	230	723	10	10	0	0	5m	100	1	8051
m	309	531	10	10	0	0	5m	100	1	8051