m	520	496	0	0	0	0	25s	100	1	4064
m	520	510	0	0	0	0	25s	100	1	4064
m	514	523	0	0	0	0	25s	100	1	4064
m	506	534	0	0	0	0	25s	100	1	4064
m	491	534	0	0	0	0	25s	100	1	4064
m	484	518	0	0	0	0	25s	100	1	4064
m	492	506	0	0	0	0	25s	100	1	4064
m	538	501	0	0	0	0	25s	100	1	4064
m	552	513	0	0	0	0	25s	100	1	4064
m	558	532	0	0	0	0	25s	100	1	4064
m	551	541	0	0	0	0	25s	100	1	4064
m	528	556	0	0	0	0	25s	100	1	4064
m	524	579	0	0	0	0	25s	100	1	4064
m	534	589	0	0	0	0	25s	100	1	4064
m	550	588	0	0	0	0	25s	100	1	4064
m	558	572	0	0	0	0	25s	100	1	4064
m	566	558	0	0	0	0	25s	100	1	4064
m	557	546	0	0	0	0	25s	100	1	4064
m	525	540	0	0	0	0	25s	100	1	4064
m	502	546	0	0	0	0	25s	100	1	4064
m	483	545	0	0	0	0	25s	100	1	4064
m	475	550	0	0	0	0	25s	100	1	4064
m	482	566	0	0	0	0	25s	100	1	4064
m	492	582	0	0	0	0	25s	100	1	4064
m	508	585	0	0	0	0	25s	100	1	4064
m	518	594	0	0	0	0	25s	100	1	4064
m	517	558	0	0	0	0	25s	100	1	4064
m	517	544	0	0	0	0	25s	100	1	4064
m	535	546	0	0	0	0	25s	100	1	4064
m	550	540	0	0	0	0	25s	100	1	4064
m	560	523	0	0	0	0	25s	100	1	4064
m	570	523	0	0	0	0	25s	100	1	4064
m	568	542	0	0	0	0	25s	100	1	4064
m	522	490	0	0	0	0	25s	100	1	4064
m	515	498	0	0	0	0	25s	100	1	4064
m	522	511	0	0	0	0	25s	100	1	4064
m	479	531	0	0	0	0	25s	100	1	4064
m	473	540	0	0	0	0	25s	100	1	4064
m	485	548	0	0	0	0	25s	100	1	4064
m	510	550	0	0	0	0	25s	100	1	4064
m	521	567	0	0	0	0	25s	100	1	4064
m	524	528	0	0	0	0	25s	100	1	4064
m	526	522	0	0	0	0	25s	100	1	4065
m	525	540	0	0	0	0	25s	100	1	4065
m	515	541	0	0	0	0	25s	100	1	4065
m	524	532	0	0	0	0	25s	100	1	4065
m	536	534	0	0	0	0	25s	100	1	4065
m	546	541	0	0	0	0	25s	100	1	4065
m	554	536	0	0	0	0	25s	100	1	4065
m	559	526	0	0	0	0	25s	100	1	4065
m	549	514	0	0	0	0	25s	100	1	4065
m	530	500	0	0	0	0	25s	100	1	4065
m	520	490	0	0	0	0	25s	100	1	4065
m	510	492	0	0	0	0	25s	100	1	4065
m	503	500	0	0	0	0	25s	100	1	4065
m	486	517	0	0	0	0	25s	100	1	4065
m	485	530	0	0	0	0	25s	100	1	4065
m	491	540	0	0	0	0	25s	100	1	4065
m	496	546	0	0	0	0	25s	100	1	4065
m	488	552	0	0	0	0	25s	100	1	4065
m	487	562	0	0	0	0	25s	100	1	4065
m	496	574	0	0	0	0	25s	100	1	4065
m	500	579	0	0	0	0	25s	100	1	4065
m	504	588	0	0	0	0	25s	100	1	4065
m	522	592	0	0	0	0	25s	100	1	4065
m	520	575	0	0	0	0	25s	100	1	4065
m	526	565	0	0	0	0	25s	100	1	4065
m	524	553	0	0	0	0	25s	100	1	4065
m	498	547	0	0	0	0	25s	100	1	4065
m	514	544	0	0	0	0	25s	100	1	4065
m	524	538	0	0	0	0	25s	100	1	4065
m	528	556	0	0	0	0	25s	100	1	4065
m	541	551	0	0	0	0	25s	100	1	4065
m	552	550	0	0	0	0	25s	100	1	4065
m	558	556	0	0	0	0	25s	100	1	4065
m	557	568	0	0	0	0	25s	100	1	4065
m	551	580	0	0	0	0	25s	100	1	4065
m	537	592	0	0	0	0	25s	100	1	4065
m	568	556	0	0	0	0	25s	100	1	4065
m	562	542	0	0	0	0	25s	100	1	4065
m	565	532	0	0	0	0	25s	100	1	4065
m	563	527	0	0	0	0	25s	100	1	4065
m	539	504	0	0	0	0	25s	100	1	4065
m	522	508	0	0	0	0	25s	100	1	4065
m	513	517	0	0	0	0	25s	100	1	4065
m	516	530	0	0	0	0	25s	100	1	4065
m	508	541	0	0	0	0	25s	100	1	4065
m	526	508	0	0	0	0	25s	100	1	4066
m	532	498	0	0	0	0	25s	100	1	4066
m	540	501	0	0	0	0	25s	100	1	4066
m	554	510	0	0	0	0	25s	100	1	4066
m	563	522	0	0	0	0	25s	100	1	4066
m	550	538	0	0	0	0	25s	100	1	4066
m	532	537	0	0	0	0	25s	100	1	4066
m	534	546	0	0	0	0	25s	100	1	4066
m	512	531	0	0	0	0	25s	100	1	4066
m	500	536	0	0	0	0	25s	100	1	4066
m	499	542	0	0	0	0	25s	100	1	4066
m	512	555	0	0	0	0	25s	100	1	4066
m	516	564	0	0	0	0	25s	100	1	4066
m	530	555	0	0	0	0	25s	100	1	4066
m	528	546	0	0	0	0	25s	100	1	4066
m	537	557	0	0	0	0	25s	100	1	4066
m	532	569	0	0	0	0	25s	100	1	4066
m	528	584	0	0	0	0	25s	100	1	4066
m	528	587	0	0	0	0	25s	100	1	4066
m	540	586	0	0	0	0	25s	100	1	4066
m	550	578	0	0	0	0	25s	100	1	4066
m	560	572	0	0	0	0	25s	100	1	4066
m	564	566	0	0	0	0	25s	100	1	4066
m	566	550	0	0	0	0	25s	100	1	4066
m	572	544	0	0	0	0	25s	100	1	4066
m	490	577	0	0	0	0	25s	100	1	4066
m	488	570	0	0	0	0	25s	100	1	4066
m	512	580	0	0	0	0	25s	100	1	4066
m	520	572	0	0	0	0	25s	100	1	4066
m	512	558	0	0	0	0	25s	100	1	4066
m	498	550	0	0	0	0	25s	100	1	4066
m	488	554	0	0	0	0	25s	100	1	4066
m	480	548	0	0	0	0	25s	100	1	4066
m	478	535	0	0	0	0	25s	100	1	4066
m	482	516	0	0	0	0	25s	100	1	4066
m	492	505	0	0	0	0	25s	100	1	4066
m	512	507	0	0	0	0	25s	100	1	4066
m	520	506	0	0	0	0	25s	100	1	4066
m	530	499	0	0	0	0	25s	100	1	4066
m	538	539	0	0	0	0	25s	100	1	4066
m	532	528	0	0	0	0	25s	100	1	4067
m	544	542	0	0	0	0	25s	100	1	4067
m	520	554	0	0	0	0	25s	100	1	4067
m	498	542	0	0	0	0	25s	100	1	4067
m	488	551	0	0	0	0	25s	100	1	4067
m	490	570	0	0	0	0	25s	100	1	4067
m	500	586	0	0	0	0	25s	100	1	4067
m	520	585	0	0	0	0	25s	100	1	4067
m	491	540	0	0	0	0	25s	100	1	4067
m	487	522	0	0	0	0	25s	100	1	4067
m	510	496	0	0	0	0	25s	100	1	4067
m	530	500	0	0	0	0	25s	100	1	4067
m	547	508	0	0	0	0	25s	100	1	4067
m	563	521	0	0	0	0	25s	100	1	4067
m	571	537	0	0	0	0	25s	100	1	4067
m	554	546	0	0	0	0	25s	100	1	4067
m	527	562	0	0	0	0	25s	100	1	4067
m	539	586	0	0	0	0	25s	100	1	4067
m	552	580	0	0	0	0	25s	100	1	4067
m	480	537	0	0	0	0	25s	100	1	4063
m	494	544	0	0	0	0	25s	100	1	4063
m	516	531	0	0	0	0	25s	100	1	4063
m	518	520	0	0	0	0	25s	100	1	4063
m	520	510	0	0	0	0	25s	100	1	4063
m	535	536	0	0	0	0	25s	100	1	4063
m	520	546	0	0	0	0	25s	100	1	4063
m	511	549	0	0	0	0	25s	100	1	4063
m	524	562	0	0	0	0	25s	100	1	4063
m	518	574	0	0	0	0	25s	100	1	4063
m	513	584	0	0	0	0	25s	100	1	4063
m	503	584	0	0	0	0	25s	100	1	4063
m	490	577	0	0	0	0	25s	100	1	4063
m	529	591	0	0	0	0	25s	100	1	4063
m	545	586	0	0	0	0	25s	100	1	4063
m	560	571	0	0	0	0	25s	100	1	4063
m	548	550	0	0	0	0	25s	100	1	4063
m	528	541	0	0	0	0	25s	100	1	4063
m	484	510	0	0	0	0	25s	100	1	4063
m	500	504	0	0	0	0	25s	100	1	4063
m	538	504	0	0	0	0	25s	100	1	4063
m	548	505	0	0	0	0	25s	100	1	4063
m	565	516	0	0	0	0	25s	100	1	4063
m	569	558	0	0	0	0	25s	100	1	4063
m	566	572	0	0	0	0	25s	100	1	4063
m	556	582	0	0	0	0	25s	100	1	4063
m	540	594	0	0	0	0	25s	100	1	4063
m	522	597	0	0	0	0	25s	100	1	4063
m	516	594	0	0	0	0	25s	100	1	4063
m	500	589	0	0	0	0	25s	100	1	4063
m	483	585	0	0	0	0	25s	100	1	4063
m	480	574	0	0	0	0	25s	100	1	4063
m	476	562	0	0	0	0	25s	100	1	4063
m	472	556	0	0	0	0	25s	100	1	4063
m	467	536	0	0	0	0	25s	100	1	4063
