m	252	355	0	0	0	0	10s	100	1	4062
m	257	340	0	0	0	0	10s	100	1	4062
m	265	338	0	0	0	0	10s	100	1	4062
m	266	332	0	0	0	0	10s	100	1	4062
m	264	320	0	0	0	0	10s	100	1	4062
m	263	304	0	0	0	0	10s	100	1	4062
m	263	290	0	0	0	0	10s	100	1	4062
m	248	277	0	0	0	0	10s	100	1	4062
m	236	266	0	0	0	0	10s	100	1	4062
m	254	254	0	0	0	0	10s	100	1	4062
m	259	236	0	0	0	0	10s	100	1	4062
m	250	219	0	0	0	0	10s	100	1	4062
m	234	212	0	0	0	0	10s	100	1	4062
m	228	222	0	0	0	0	10s	100	1	4062
m	225	237	0	0	0	0	10s	100	1	4062
m	224	254	0	0	0	0	10s	100	1	4062
m	218	255	0	0	0	0	10s	100	1	4062
m	221	230	0	0	0	0	10s	100	1	4062
m	216	220	0	0	0	0	10s	100	1	4062
m	215	207	0	0	0	0	10s	100	1	4062
m	222	196	0	0	0	0	10s	100	1	4062
m	234	193	0	0	0	0	10s	100	1	4062
m	240	200	0	0	0	0	10s	100	1	4062
m	248	190	0	0	0	0	10s	100	1	4062
m	251	183	0	0	0	0	10s	100	1	4062
m	258	178	0	0	0	0	10s	100	1	4062
m	276	177	0	0	0	0	10s	100	1	4062
m	287	171	0	0	0	0	10s	100	1	4062
m	298	174	0	0	0	0	10s	100	1	4062
m	298	192	0	0	0	0	10s	100	1	4062
m	290	198	0	0	0	0	10s	100	1	4062
m	284	198	0	0	0	0	10s	100	1	4062
m	272	207	0	0	0	0	10s	100	1	4062
m	261	207	0	0	0	0	10s	100	1	4062
m	258	198	0	0	0	0	10s	100	1	4062
m	276	190	0	0	0	0	10s	100	1	4062
m	284	186	0	0	0	0	10s	100	1	4062
m	278	209	0	0	0	0	10s	100	1	4062
m	288	220	0	0	0	0	10s	100	1	4062
m	296	222	0	0	0	0	10s	100	1	4062
m	308	218	0	0	0	0	10s	100	1	4062
m	312	194	0	0	0	0	10s	100	1	4062
m	307	183	0	0	0	0	10s	100	1	4062
m	306	225	0	0	0	0	10s	100	1	4062
m	302	251	0	0	0	0	10s	100	1	4062
m	288	268	0	0	0	0	10s	100	1	4062
m	267	268	0	0	0	0	10s	100	1	4062
m	256	264	0	0	0	0	10s	100	1	4062
m	271	230	0	0	0	0	10s	100	1	4062
m	268	220	0	0	0	0	10s	100	1	4062
m	268	264	0	0	0	0	10s	100	1	4062
m	282	275	0	0	0	0	10s	100	1	4062
m	280	284	0	0	0	0	10s	100	1	4062
m	308	261	0	0	0	0	10s	100	1	4062
m	314	243	0	0	0	0	10s	100	1	4062
m	322	238	0	0	0	0	10s	100	1	4062
m	320	226	0	0	0	0	10s	100	1	4062
m	320	207	0	0	0	0	10s	100	1	4062
m	300	198	0	0	0	0	10s	100	1	4063
m	302	208	0	0	0	0	10s	100	1	4063
m	306	198	0	0	0	0	10s	100	1	4063
m	309	178	0	0	0	0	10s	100	1	4063
m	292	160	0	0	0	0	10s	100	1	4063
m	285	168	0	0	0	0	10s	100	1	4063
m	272	174	0	0	0	0	10s	100	1	4063
m	252	176	0	0	0	0	10s	100	1	4063
m	242	183	0	0	0	0	10s	100	1	4063
m	236	195	0	0	0	0	10s	100	1	4063
m	224	204	0	0	0	0	10s	100	1	4063
m	226	224	0	0	0	0	10s	100	1	4063
m	220	239	0	0	0	0	10s	100	1	4063
m	227	266	0	0	0	0	10s	100	1	4063
m	232	274	0	0	0	0	10s	100	1	4063
m	237	261	0	0	0	0	10s	100	1	4063
m	244	219	0	0	0	0	10s	100	1	4063
m	260	231	0	0	0	0	10s	100	1	4063
m	254	246	0	0	0	0	10s	100	1	4063
m	251	254	0	0	0	0	10s	100	1	4063
m	251	263	0	0	0	0	10s	100	1	4063
m	265	240	0	0	0	0	10s	100	1	4063
m	278	230	0	0	0	0	10s	100	1	4063
m	298	232	0	0	0	0	10s	100	1	4063
m	287	218	0	0	0	0	10s	100	1	4063
m	294	207	0	0	0	0	10s	100	1	4063
m	293	192	0	0	0	0	10s	100	1	4063
m	304	177	0	0	0	0	10s	100	1	4063
m	313	186	0	0	0	0	10s	100	1	4063
m	318	202	0	0	0	0	10s	100	1	4063
m	324	213	0	0	0	0	10s	100	1	4063
m	316	227	0	0	0	0	10s	100	1	4063
m	317	230	0	0	0	0	10s	100	1	4063
m	306	252	0	0	0	0	10s	100	1	4063
m	304	268	0	0	0	0	10s	100	1	4063
m	298	272	0	0	0	0	10s	100	1	4063
m	284	266	0	0	0	0	10s	100	1	4063
m	274	270	0	0	0	0	10s	100	1	4063
m	270	275	0	0	0	0	10s	100	1	4063
m	264	276	0	0	0	0	10s	100	1	4063
m	256	274	0	0	0	0	10s	100	1	4063
m	248	260	0	0	0	0	10s	100	1	4063
m	257	247	0	0	0	0	10s	100	1	4063
m	266	236	0	0	0	0	10s	100	1	4063
m	280	232	0	0	0	0	10s	100	1	4063
m	290	231	0	0	0	0	10s	100	1	4063
m	264	220	0	0	0	0	10s	100	1	4063
m	255	216	0	0	0	0	10s	100	1	4063
m	249	216	0	0	0	0	10s	100	1	4063
m	232	228	0	0	0	0	10s	100	1	4063
m	234	220	0	0	0	0	10s	100	1	4063
m	244	206	0	0	0	0	10s	100	1	4063
m	239	269	0	0	0	0	10s	100	1	4063
m	248	281	0	0	0	0	10s	100	1	4063
m	260	288	0	0	0	0	10s	100	1	4063
m	257	304	0	0	0	0	10s	100	1	4063
m	264	316	0	0	0	0	10s	100	1	4063
m	254	332	0	0	0	0	10s	100	1	4063
m	250	339	0	0	0	0	10s	100	1	4063
m	250	352	0	0	0	0	10s	100	1	4063
m	260	356	0	0	0	0	10s	100	1	4063
m	270	340	0	0	0	0	10s	100	1	4063
m	262	348	0	0	0	0	10s	100	1	4063
m	269	316	0	0	0	0	10s	100	1	4063
m	271	292	0	0	0	0	10s	100	1	4063
m	277	284	0	0	0	0	10s	100	1	4063
m	292	280	0	0	0	0	10s	100	1	4063
m	300	280	0	0	0	0	10s	100	1	4063
m	305	273	0	0	0	0	10s	100	1	4063
m	292	256	0	0	0	0	10s	100	1	4063
m	264	253	0	0	0	0	10s	100	1	4063
m	266	243	0	0	0	0	10s	100	1	4063
m	243	226	0	0	0	0	10s	100	1	4063
m	232	236	0	0	0	0	10s	100	1	4063
m	230	250	0	0	0	0	10s	100	1	4063
m	224	216	0	0	0	0	10s	100	1	4063
m	240	204	0	0	0	0	10s	100	1	4063
m	252	190	0	0	0	0	10s	100	1	4063
m	252	176	0	0	0	0	10s	100	1	4063
m	280	177	0	0	0	0	10s	100	1	4063
m	305	168	0	0	0	0	10s	100	1	4063
m	314	178	0	0	0	0	10s	100	1	4063
m	288	207	0	0	0	0	10s	100	1	4064
m	274	216	0	0	0	0	10s	100	1	4064
m	270	214	0	0	0	0	10s	100	1	4064
m	257	204	0	0	0	0	10s	100	1	4064
m	264	192	0	0	0	0	10s	100	1	4064
m	266	186	0	0	0	0	10s	100	1	4064
m	250	188	0	0	0	0	10s	100	1	4064
m	246	198	0	0	0	0	10s	100	1	4064
m	238	208	0	0	0	0	10s	100	1	4064
m	230	231	0	0	0	0	10s	100	1	4064
m	228	246	0	0	0	0	10s	100	1	4064
m	222	260	0	0	0	0	10s	100	1	4064
m	230	274	0	0	0	0	10s	100	1	4064
m	242	281	0	0	0	0	10s	100	1	4064
m	253	268	0	0	0	0	10s	100	1	4064
m	263	242	0	0	0	0	10s	100	1	4064
m	272	230	0	0	0	0	10s	100	1	4064
m	276	226	0	0	0	0	10s	100	1	4064
m	278	218	0	0	0	0	10s	100	1	4064
m	280	218	0	0	0	0	10s	100	1	4064
m	300	216	0	0	0	0	10s	100	1	4064
m	308	213	0	0	0	0	10s	100	1	4064
m	308	200	0	0	0	0	10s	100	1	4064
m	299	184	0	0	0	0	10s	100	1	4064
m	314	209	0	0	0	0	10s	100	1	4064
m	308	244	0	0	0	0	10s	100	1	4064
m	304	256	0	0	0	0	10s	100	1	4064
m	298	268	0	0	0	0	10s	100	1	4064
m	282	276	0	0	0	0	10s	100	1	4064
m	272	284	0	0	0	0	10s	100	1	4064
m	244	279	0	0	0	0	10s	100	1	4064
m	242	278	0	0	0	0	10s	100	1	4064
m	254	290	0	0	0	0	10s	100	1	4064
m	268	296	0	0	0	0	10s	100	1	4064
m	270	310	0	0	0	0	10s	100	1	4064
m	261	314	0	0	0	0	10s	100	1	4064
m	257	322	0	0	0	0	10s	100	1	4064
m	262	332	0	0	0	0	10s	100	1	4064
m	247	361	0	0	0	0	10s	100	1	4064
m	258	361	0	0	0	0	10s	100	1	4064
m	266	355	0	0	0	0	10s	100	1	4064
m	272	338	0	0	0	0	10s	100	1	4064
m	285	226	0	0	0	0	10s	100	1	4065
m	263	228	0	0	0	0	10s	100	1	4065
m	251	224	0	0	0	0	10s	100	1	4065
m	256	214	0	0	0	0	10s	100	1	4065
m	240	207	0	0	0	0	10s	100	1	4065
m	231	205	0	0	0	0	10s	100	1	4065
m	232	224	0	0	0	0	10s	100	1	4065
m	224	238	0	0	0	0	10s	100	1	4065
m	230	255	0	0	0	0	10s	100	1	4065
m	238	267	0	0	0	0	10s	100	1	4065
m	246	274	0	0	0	0	10s	100	1	4065
m	262	254	0	0	0	0	10s	100	1	4065
m	268	246	0	0	0	0	10s	100	1	4065
m	274	235	0	0	0	0	10s	100	1	4065
m	281	232	0	0	0	0	10s	100	1	4065
m	302	240	0	0	0	0	10s	100	1	4065
m	306	234	0	0	0	0	10s	100	1	4065
m	311	228	0	0	0	0	10s	100	1	4065
m	296	212	0	0	0	0	10s	100	1	4065
m	292	200	0	0	0	0	10s	100	1	4065
m	294	188	0	0	0	0	10s	100	1	4065
m	302	186	0	0	0	0	10s	100	1	4065
m	314	194	0	0	0	0	10s	100	1	4065
m	320	195	0	0	0	0	10s	100	1	4065
m	320	189	0	0	0	0	10s	100	1	4065
m	312	170	0	0	0	0	10s	100	1	4065
m	288	167	0	0	0	0	10s	100	1	4065
m	279	182	0	0	0	0	10s	100	1	4065
m	263	177	0	0	0	0	10s	100	1	4065
m	288	179	0	0	0	0	10s	100	1	4065
m	295	272	0	0	0	0	10s	100	1	4065
m	308	256	0	0	0	0	10s	100	1	4065
m	318	246	0	0	0	0	10s	100	1	4065
m	331	244	0	0	0	0	10s	100	1	4065
m	332	240	0	0	0	0	10s	100	1	4065
m	324	243	0	0	0	0	10s	100	1	4065
m	316	250	0	0	0	0	10s	100	1	4065
m	281	282	0	0	0	0	10s	100	1	4065
m	261	284	0	0	0	0	10s	100	1	4065
m	231	271	0	0	0	0	10s	100	1	4065
m	214	258	0	0	0	0	10s	100	1	4065
m	216	192	0	0	0	0	10s	100	1	4065
m	222	186	0	0	0	0	10s	100	1	4065
m	232	190	0	0	0	0	10s	100	1	4065
m	233	236	0	0	0	0	10s	100	1	4065
m	238	254	0	0	0	0	10s	100	1	4065
m	247	252	0	0	0	0	10s	100	1	4065
m	252	232	0	0	0	0	10s	100	1	4065
m	257	285	0	0	0	0	10s	100	1	4065
m	270	303	0	0	0	0	10s	100	1	4065
m	264	314	0	0	0	0	10s	100	1	4065
m	260	324	0	0	0	0	10s	100	1	4065
m	252	328	0	0	0	0	10s	100	1	4065
m	252	341	0	0	0	0	10s	100	1	4065
m	257	346	0	0	0	0	10s	100	1	4065
m	258	351	0	0	0	0	10s	100	1	4065
m	244	356	0	0	0	0	10s	100	1	4065
m	256	358	0	0	0	0	10s	100	1	4065
m	266	350	0	0	0	0	10s	100	1	4065
m	269	339	0	0	0	0	10s	100	1	4065
m	270	322	0	0	0	0	10s	100	1	4065
m	272	312	0	0	0	0	10s	100	1	4065
m	276	292	0	0	0	0	10s	100	1	4065
m	280	286	0	0	0	0	10s	100	1	4065
