m	256	356	0	0	0	0	10s	100	1	4062
m	249	344	0	0	0	0	10s	100	1	4062
m	253	334	0	0	0	0	10s	100	1	4062
m	268	331	0	0	0	0	10s	100	1	4062
m	271	318	0	0	0	0	10s	100	1	4062
m	266	304	0	0	0	0	10s	100	1	4062
m	258	292	0	0	0	0	10s	100	1	4062
m	245	284	0	0	0	0	10s	100	1	4062
m	236	268	0	0	0	0	10s	100	1	4062
m	253	262	0	0	0	0	10s	100	1	4062
m	256	248	0	0	0	0	10s	100	1	4062
m	262	234	0	0	0	0	10s	100	1	4062
m	241	216	0	0	0	0	10s	100	1	4062
m	226	206	0	0	0	0	10s	100	1	4062
m	238	194	0	0	0	0	10s	100	1	4062
m	250	180	0	0	0	0	10s	100	1	4062
m	267	176	0	0	0	0	10s	100	1	4062
m	260	208	0	0	0	0	10s	100	1	4062
m	278	212	0	0	0	0	10s	100	1	4062
m	284	186	0	0	0	0	10s	100	1	4062
m	288	167	0	0	0	0	10s	100	1	4062
m	308	174	0	0	0	0	10s	100	1	4062
m	305	196	0	0	0	0	10s	100	1	4062
m	318	214	0	0	0	0	10s	100	1	4062
m	318	227	0	0	0	0	10s	100	1	4062
m	312	234	0	0	0	0	10s	100	1	4062
m	292	220	0	0	0	0	10s	100	1	4062
m	286	232	0	0	0	0	10s	100	1	4062
m	304	238	0	0	0	0	10s	100	1	4062
m	313	248	0	0	0	0	10s	100	1	4062
m	304	258	0	0	0	0	10s	100	1	4062
m	296	268	0	0	0	0	10s	100	1	4062
m	284	280	0	0	0	0	10s	100	1	4062
m	265	276	0	0	0	0	10s	100	1	4062
m	254	267	0	0	0	0	10s	100	1	4062
m	222	260	0	0	0	0	10s	100	1	4062
m	222	249	0	0	0	0	10s	100	1	4062
m	216	238	0	0	0	0	10s	100	1	4062
m	224	222	0	0	0	0	10s	100	1	4062
m	216	203	0	0	0	0	10s	100	1	4062
m	231	191	0	0	0	0	10s	100	1	4062
m	258	205	0	0	0	0	10s	100	1	4062
m	264	218	0	0	0	0	10s	100	1	4062
m	257	226	0	0	0	0	10s	100	1	4062
m	262	246	0	0	0	0	10s	100	1	4062
m	265	260	0	0	0	0	10s	100	1	4062
m	274	268	0	0	0	0	10s	100	1	4062
m	271	283	0	0	0	0	10s	100	1	4062
m	272	290	0	0	0	0	10s	100	1	4062
m	252	278	0	0	0	0	10s	100	1	4062
m	234	276	0	0	0	0	10s	100	1	4062
m	232	257	0	0	0	0	10s	100	1	4062
m	232	240	0	0	0	0	10s	100	1	4062
m	248	226	0	0	0	0	10s	100	1	4062
m	285	204	0	0	0	0	10s	100	1	4062
m	294	190	0	0	0	0	10s	100	1	4062
m	298	182	0	0	0	0	10s	100	1	4062
m	308	180	0	0	0	0	10s	100	1	4062
m	316	200	0	0	0	0	10s	100	1	4062
m	310	215	0	0	0	0	10s	100	1	4062
m	308	253	0	0	0	0	10s	100	1	4062
m	304	272	0	0	0	0	10s	100	1	4062
m	261	340	0	0	0	0	10s	100	1	4063
m	258	330	0	0	0	0	10s	100	1	4063
m	262	320	0	0	0	0	10s	100	1	4063
m	267	298	0	0	0	0	10s	100	1	4063
m	264	278	0	0	0	0	10s	100	1	4063
m	250	266	0	0	0	0	10s	100	1	4063
m	234	255	0	0	0	0	10s	100	1	4063
m	256	247	0	0	0	0	10s	100	1	4063
m	223	228	0	0	0	0	10s	100	1	4063
m	214	214	0	0	0	0	10s	100	1	4063
m	224	188	0	0	0	0	10s	100	1	4063
m	242	194	0	0	0	0	10s	100	1	4063
m	255	194	0	0	0	0	10s	100	1	4063
m	258	210	0	0	0	0	10s	100	1	4063
m	271	220	0	0	0	0	10s	100	1	4063
m	266	233	0	0	0	0	10s	100	1	4063
m	271	238	0	0	0	0	10s	100	1	4063
m	279	222	0	0	0	0	10s	100	1	4063
m	294	228	0	0	0	0	10s	100	1	4063
m	306	224	0	0	0	0	10s	100	1	4063
m	307	216	0	0	0	0	10s	100	1	4063
m	296	202	0	0	0	0	10s	100	1	4063
m	293	190	0	0	0	0	10s	100	1	4063
m	288	175	0	0	0	0	10s	100	1	4063
m	284	169	0	0	0	0	10s	100	1	4063
m	302	170	0	0	0	0	10s	100	1	4063
m	308	182	0	0	0	0	10s	100	1	4063
m	319	192	0	0	0	0	10s	100	1	4063
m	317	204	0	0	0	0	10s	100	1	4063
m	316	221	0	0	0	0	10s	100	1	4063
m	330	242	0	0	0	0	10s	100	1	4063
m	326	245	0	0	0	0	10s	100	1	4063
m	318	250	0	0	0	0	10s	100	1	4063
m	308	260	0	0	0	0	10s	100	1	4063
m	293	267	0	0	0	0	10s	100	1	4063
m	282	264	0	0	0	0	10s	100	1	4063
m	280	274	0	0	0	0	10s	100	1	4063
m	272	291	0	0	0	0	10s	100	1	4063
m	266	304	0	0	0	0	10s	100	1	4063
m	264	326	0	0	0	0	10s	100	1	4063
m	268	341	0	0	0	0	10s	100	1	4063
m	262	346	0	0	0	0	10s	100	1	4063
m	257	348	0	0	0	0	10s	100	1	4063
m	250	340	0	0	0	0	10s	100	1	4063
m	258	300	0	0	0	0	10s	100	1	4063
m	242	276	0	0	0	0	10s	100	1	4063
m	246	268	0	0	0	0	10s	100	1	4063
m	240	260	0	0	0	0	10s	100	1	4063
m	272	206	0	0	0	0	10s	100	1	4063
m	279	198	0	0	0	0	10s	100	1	4063
m	276	188	0	0	0	0	10s	100	1	4063
m	266	191	0	0	0	0	10s	100	1	4063
m	257	192	0	0	0	0	10s	100	1	4063
m	246	202	0	0	0	0	10s	100	1	4063
m	233	210	0	0	0	0	10s	100	1	4063
m	272	213	0	0	0	0	10s	100	1	4063
m	289	214	0	0	0	0	10s	100	1	4063
m	296	231	0	0	0	0	10s	100	1	4063
m	263	308	0	0	0	0	10s	100	1	4064
m	274	302	0	0	0	0	10s	100	1	4064
m	275	290	0	0	0	0	10s	100	1	4064
m	290	266	0	0	0	0	10s	100	1	4064
m	306	254	0	0	0	0	10s	100	1	4064
m	296	235	0	0	0	0	10s	100	1	4064
m	272	222	0	0	0	0	10s	100	1	4064
m	252	218	0	0	0	0	10s	100	1	4064
m	240	214	0	0	0	0	10s	100	1	4064
m	234	225	0	0	0	0	10s	100	1	4064
m	230	224	0	0	0	0	10s	100	1	4064
m	233	199	0	0	0	0	10s	100	1	4064
m	240	186	0	0	0	0	10s	100	1	4064
m	244	177	0	0	0	0	10s	100	1	4064
m	260	174	0	0	0	0	10s	100	1	4064
m	274	171	0	0	0	0	10s	100	1	4064
m	286	166	0	0	0	0	10s	100	1	4064
m	306	167	0	0	0	0	10s	100	1	4064
m	316	182	0	0	0	0	10s	100	1	4064
m	302	196	0	0	0	0	10s	100	1	4064
m	300	210	0	0	0	0	10s	100	1	4064
m	299	219	0	0	0	0	10s	100	1	4064
m	258	220	0	0	0	0	10s	100	1	4064
m	231	227	0	0	0	0	10s	100	1	4064
m	222	248	0	0	0	0	10s	100	1	4064
m	222	260	0	0	0	0	10s	100	1	4064
m	227	273	0	0	0	0	10s	100	1	4064
m	229	254	0	0	0	0	10s	100	1	4064
m	228	244	0	0	0	0	10s	100	1	4064
m	252	278	0	0	0	0	10s	100	1	4064
m	264	267	0	0	0	0	10s	100	1	4064
m	269	256	0	0	0	0	10s	100	1	4064
m	271	241	0	0	0	0	10s	100	1	4064
m	281	232	0	0	0	0	10s	100	1	4064
m	284	224	0	0	0	0	10s	100	1	4064
m	300	242	0	0	0	0	10s	100	1	4064
m	307	245	0	0	0	0	10s	100	1	4064
m	305	261	0	0	0	0	10s	100	1	4064
m	290	274	0	0	0	0	10s	100	1	4064
m	279	281	0	0	0	0	10s	100	1	4064
m	262	288	0	0	0	0	10s	100	1	4064
m	254	284	0	0	0	0	10s	100	1	4064
m	262	316	0	0	0	0	10s	100	1	4064
m	254	244	0	0	0	0	10s	100	1	4064
m	255	236	0	0	0	0	10s	100	1	4064
m	245	229	0	0	0	0	10s	100	1	4064
m	240	219	0	0	0	0	10s	100	1	4064
m	232	211	0	0	0	0	10s	100	1	4064
m	244	200	0	0	0	0	10s	100	1	4064
m	247	192	0	0	0	0	10s	100	1	4064
m	296	212	0	0	0	0	10s	100	1	4064
m	306	230	0	0	0	0	10s	100	1	4064
m	318	202	0	0	0	0	10s	100	1	4064
m	316	190	0	0	0	0	10s	100	1	4064
m	302	177	0	0	0	0	10s	100	1	4064
m	296	165	0	0	0	0	10s	100	1	4064
m	282	171	0	0	0	0	10s	100	1	4064
m	275	174	0	0	0	0	10s	100	1	4064
m	249	170	0	0	0	0	10s	100	1	4064
m	246	172	0	0	0	0	10s	100	1	4064
m	247	186	0	0	0	0	10s	100	1	4064
m	222	194	0	0	0	0	10s	100	1	4064
m	221	201	0	0	0	0	10s	100	1	4064
m	224	220	0	0	0	0	10s	100	1	4064
