m	520	494	0	0	0	0	25s	100	1	4065
m	516	508	0	0	0	0	25s	100	1	4065
m	519	524	0	0	0	0	25s	100	1	4065
m	529	534	0	0	0	0	25s	100	1	4065
m	526	549	0	0	0	0	25s	100	1	4065
m	516	546	0	0	0	0	25s	100	1	4065
m	502	542	0	0	0	0	25s	100	1	4065
m	488	542	0	0	0	0	25s	100	1	4065
m	484	551	0	0	0	0	25s	100	1	4065
m	482	567	0	0	0	0	25s	100	1	4065
m	493	578	0	0	0	0	25s	100	1	4065
m	516	584	0	0	0	0	25s	100	1	4065
m	524	566	0	0	0	0	25s	100	1	4065
m	532	556	0	0	0	0	25s	100	1	4065
m	541	548	0	0	0	0	25s	100	1	4065
m	560	549	0	0	0	0	25s	100	1	4065
m	562	562	0	0	0	0	25s	100	1	4065
m	557	574	0	0	0	0	25s	100	1	4065
m	550	581	0	0	0	0	25s	100	1	4065
m	535	590	0	0	0	0	25s	100	1	4065
m	523	591	0	0	0	0	25s	100	1	4065
m	572	544	0	0	0	0	25s	100	1	4065
m	576	532	0	0	0	0	25s	100	1	4065
m	564	522	0	0	0	0	25s	100	1	4065
m	554	512	0	0	0	0	25s	100	1	4065
m	546	506	0	0	0	0	25s	100	1	4065
m	536	504	0	0	0	0	25s	100	1	4065
m	528	492	0	0	0	0	25s	100	1	4065
m	521	482	0	0	0	0	25s	100	1	4065
m	510	492	0	0	0	0	25s	100	1	4065
m	498	502	0	0	0	0	25s	100	1	4065
m	487	514	0	0	0	0	25s	100	1	4065
m	479	521	0	0	0	0	25s	100	1	4065
m	473	539	0	0	0	0	25s	100	1	4065
m	486	550	0	0	0	0	25s	100	1	4065
m	511	548	0	0	0	0	25s	100	1	4065
m	510	532	0	0	0	0	25s	100	1	4065
m	542	536	0	0	0	0	25s	100	1	4065
m	558	534	0	0	0	0	25s	100	1	4065
m	526	520	0	0	0	0	25s	100	1	4065
m	530	504	0	0	0	0	25s	100	1	4065
m	517	518	0	0	0	0	25s	100	1	4065
m	504	548	0	0	0	0	25s	100	1	4065
m	514	562	0	0	0	0	25s	100	1	4065
m	522	536	0	0	0	0	25s	100	1	4065
m	534	542	0	0	0	0	25s	100	1	4065
m	547	542	0	0	0	0	25s	100	1	4065
m	552	545	0	0	0	0	25s	100	1	4065
m	556	552	0	0	0	0	25s	100	1	4065
m	518	572	0	0	0	0	25s	100	1	4065
m	508	581	0	0	0	0	25s	100	1	4065
m	503	585	0	0	0	0	25s	100	1	4065
m	478	553	0	0	0	0	25s	100	1	4065
m	482	538	0	0	0	0	25s	100	1	4065
m	482	529	0	0	0	0	25s	100	1	4065
m	499	548	0	0	0	0	25s	100	1	4065
m	520	557	0	0	0	0	25s	100	1	4065
m	526	574	0	0	0	0	25s	100	1	4065
m	528	592	0	0	0	0	25s	100	1	4065
m	510	594	0	0	0	0	25s	100	1	4065
m	490	584	0	0	0	0	25s	100	1	4065
m	562	577	0	0	0	0	25s	100	1	4065
m	570	565	0	0	0	0	25s	100	1	4065
m	565	542	0	0	0	0	25s	100	1	4065
m	510	524	0	0	0	0	25s	100	1	4065
m	508	536	0	0	0	0	25s	100	1	4066
m	498	536	0	0	0	0	25s	100	1	4066
m	514	541	0	0	0	0	25s	100	1	4066
m	522	558	0	0	0	0	25s	100	1	4066
m	532	554	0	0	0	0	25s	100	1	4066
m	540	544	0	0	0	0	25s	100	1	4066
m	548	538	0	0	0	0	25s	100	1	4066
m	558	528	0	0	0	0	25s	100	1	4066
m	566	526	0	0	0	0	25s	100	1	4066
m	565	516	0	0	0	0	25s	100	1	4066
m	544	509	0	0	0	0	25s	100	1	4066
m	530	501	0	0	0	0	25s	100	1	4066
m	521	503	0	0	0	0	25s	100	1	4066
m	510	500	0	0	0	0	25s	100	1	4066
m	484	520	0	0	0	0	25s	100	1	4066
m	490	512	0	0	0	0	25s	100	1	4066
m	480	546	0	0	0	0	25s	100	1	4066
m	487	566	0	0	0	0	25s	100	1	4066
m	490	578	0	0	0	0	25s	100	1	4066
m	510	588	0	0	0	0	25s	100	1	4066
m	526	594	0	0	0	0	25s	100	1	4066
m	540	590	0	0	0	0	25s	100	1	4066
m	528	576	0	0	0	0	25s	100	1	4066
m	532	558	0	0	0	0	25s	100	1	4066
m	540	552	0	0	0	0	25s	100	1	4066
m	555	560	0	0	0	0	25s	100	1	4066
m	568	554	0	0	0	0	25s	100	1	4066
m	580	554	0	0	0	0	25s	100	1	4066
m	528	509	0	0	0	0	25s	100	1	4067
m	544	506	0	0	0	0	25s	100	1	4067
m	560	520	0	0	0	0	25s	100	1	4067
m	566	533	0	0	0	0	25s	100	1	4067
m	536	536	0	0	0	0	25s	100	1	4067
m	524	544	0	0	0	0	25s	100	1	4067
m	512	546	0	0	0	0	25s	100	1	4067
m	496	546	0	0	0	0	25s	100	1	4067
m	486	537	0	0	0	0	25s	100	1	4067
m	482	520	0	0	0	0	25s	100	1	4067
m	494	504	0	0	0	0	25s	100	1	4067
m	514	496	0	0	0	0	25s	100	1	4067
m	525	490	0	0	0	0	25s	100	1	4067
m	542	500	0	0	0	0	25s	100	1	4067
m	520	498	0	0	0	0	25s	100	1	4067
m	523	510	0	0	0	0	25s	100	1	4067
m	516	582	0	0	0	0	25s	100	1	4067
m	497	583	0	0	0	0	25s	100	1	4067
m	486	566	0	0	0	0	25s	100	1	4067
m	534	584	0	0	0	0	25s	100	1	4067
m	550	581	0	0	0	0	25s	100	1	4067
m	553	587	0	0	0	0	25s	100	1	4067
m	558	581	0	0	0	0	25s	100	1	4067
m	562	566	0	0	0	0	25s	100	1	4067
m	566	558	0	0	0	0	25s	100	1	4067
m	565	550	0	0	0	0	25s	100	1	4067
m	536	530	0	0	0	0	25s	100	1	4067
m	526	526	0	0	0	0	25s	100	1	4067
m	560	512	0	0	0	0	25s	100	1	4067
m	504	496	0	0	0	0	25s	100	1	4067
m	492	536	0	0	0	0	25s	100	1	4067
m	468	540	0	0	0	0	25s	100	1	4067
m	481	577	0	0	0	0	25s	100	1	4067
m	515	532	0	0	0	0	25s	100	1	4064
m	524	547	0	0	0	0	25s	100	1	4064
m	517	571	0	0	0	0	25s	100	1	4064
m	522	584	0	0	0	0	25s	100	1	4064
m	544	585	0	0	0	0	25s	100	1	4064
m	558	568	0	0	0	0	25s	100	1	4064
m	566	540	0	0	0	0	25s	100	1	4064
m	552	536	0	0	0	0	25s	100	1	4064
m	561	520	0	0	0	0	25s	100	1	4064
m	541	506	0	0	0	0	25s	100	1	4064
m	529	498	0	0	0	0	25s	100	1	4064
m	515	494	0	0	0	0	25s	100	1	4064
m	490	506	0	0	0	0	25s	100	1	4064
m	487	518	0	0	0	0	25s	100	1	4064
m	481	532	0	0	0	0	25s	100	1	4064
m	478	541	0	0	0	0	25s	100	1	4064
m	486	563	0	0	0	0	25s	100	1	4064
m	502	550	0	0	0	0	25s	100	1	4064
m	511	556	0	0	0	0	25s	100	1	4064
m	528	543	0	0	0	0	25s	100	1	4064
m	518	525	0	0	0	0	25s	100	1	4068
m	516	514	0	0	0	0	25s	100	1	4068
m	514	590	0	0	0	0	25s	100	1	4068
m	530	596	0	0	0	0	25s	100	1	4068
m	548	576	0	0	0	0	25s	100	1	4068
m	498	574	0	0	0	0	25s	100	1	4068
m	481	558	0	0	0	0	25s	100	1	4068
m	494	554	0	0	0	0	25s	100	1	4068
m	534	565	0	0	0	0	25s	100	1	4068
m	544	551	0	0	0	0	25s	100	1	4068
m	558	540	0	0	0	0	25s	100	1	4068
m	510	509	0	0	0	0	25s	100	1	4068
