m	291	196	1	1	0	0	60s	100	1	4025
m	290	208	1	1	0	0	60s	100	1	4025
m	286	221	1	1	0	0	60s	100	1	4025
m	286	233	1	1	0	0	60s	100	1	4025
m	292	232	1	1	0	0	60s	100	1	4025
m	292	222	1	1	0	0	60s	100	1	4025
m	288	210	1	1	0	0	60s	100	1	4025
m	292	201	1	1	0	0	60s	100	1	4025
m	293	214	1	1	0	0	60s	100	1	4025
m	284	220	1	1	0	0	60s	100	1	4025
m	278	230	1	1	0	0	60s	100	1	4025
m	280	235	1	1	0	0	60s	100	1	4025
m	287	245	1	1	0	0	60s	100	1	4025
m	294	242	1	1	0	0	60s	100	1	4025
m	299	260	1	1	0	0	60s	100	1	4025
m	287	280	1	1	0	0	60s	100	1	4025
m	274	285	1	1	0	0	60s	100	1	4025
m	270	300	1	1	0	0	60s	100	1	4025
m	266	310	1	1	0	0	60s	100	1	4025
m	275	315	1	1	0	0	60s	100	1	4025
m	282	322	1	1	0	0	60s	100	1	4025
m	290	313	1	1	0	0	60s	100	1	4025
m	287	304	1	1	0	0	60s	100	1	4025
m	280	294	1	1	0	0	60s	100	1	4025
m	281	284	1	1	0	0	60s	100	1	4025
m	276	276	1	1	0	0	60s	100	1	4025
m	286	266	1	1	0	0	60s	100	1	4025
m	299	274	1	1	0	0	60s	100	1	4025
m	304	284	1	1	0	0	60s	100	1	4025
m	310	284	1	1	0	0	60s	100	1	4025
m	305	274	1	1	0	0	60s	100	1	4025
m	306	296	1	1	0	0	60s	100	1	4025
m	305	310	1	1	0	0	60s	100	1	4025
m	308	318	1	1	0	0	60s	100	1	4025
m	302	326	1	1	0	0	60s	100	1	4025
m	294	330	1	1	0	0	60s	100	1	4025
m	290	336	1	1	0	0	60s	100	1	4025
m	288	325	1	1	0	0	60s	100	1	4025
m	295	310	1	1	0	0	60s	100	1	4025
m	293	291	1	1	0	0	60s	100	1	4025
m	280	277	1	1	0	0	60s	100	1	4025
m	270	270	1	1	0	0	60s	100	1	4025
m	266	274	1	1	0	0	60s	100	1	4025
m	266	281	1	1	0	0	60s	100	1	4025
m	269	286	1	1	0	0	60s	100	1	4025
m	260	314	1	1	0	0	60s	100	1	4025
m	270	318	1	1	0	0	60s	100	1	4025
m	282	329	1	1	0	0	60s	100	1	4025
m	305	306	1	1	0	0	60s	100	1	4025
m	312	289	1	1	0	0	60s	100	1	4025
m	317	284	1	1	0	0	60s	100	1	4025
m	306	274	1	1	0	0	60s	100	1	4025
m	306	264	1	1	0	0	60s	100	1	4025
m	303	260	1	1	0	0	60s	100	1	4025
m	294	254	1	1	0	0	60s	100	1	4025
m	290	248	1	1	0	0	60s	100	1	4025
m	278	256	1	1	0	0	60s	100	1	4025
m	290	268	1	1	0	0	60s	100	1	4025
m	293	286	1	1	0	0	60s	100	1	4025
m	282	265	1	1	0	0	60s	100	1	4027
m	285	272	1	1	0	0	60s	100	1	4027
m	293	286	1	1	0	0	60s	100	1	4027
m	284	294	1	1	0	0	60s	100	1	4027
m	284	306	1	1	0	0	60s	100	1	4027
m	286	313	1	1	0	0	60s	100	1	4027
m	298	322	1	1	0	0	60s	100	1	4027
m	300	300	1	1	0	0	60s	100	1	4027
m	296	292	1	1	0	0	60s	100	1	4027
m	298	276	1	1	0	0	60s	100	1	4027
m	292	268	1	1	0	0	60s	100	1	4027
m	294	258	1	1	0	0	60s	100	1	4027
m	295	246	1	1	0	0	60s	100	1	4027
m	288	236	1	1	0	0	60s	100	1	4027
m	286	224	1	1	0	0	60s	100	1	4027
m	304	258	1	1	0	0	60s	100	1	4027
m	308	274	1	1	0	0	60s	100	1	4027
m	314	292	1	1	0	0	60s	100	1	4027
m	310	301	1	1	0	0	60s	100	1	4027
m	296	281	1	1	0	0	60s	100	1	4027
m	290	269	1	1	0	0	60s	100	1	4027
m	288	257	1	1	0	0	60s	100	1	4027
m	276	267	1	1	0	0	60s	100	1	4027
m	274	277	1	1	0	0	60s	100	1	4027
m	275	290	1	1	0	0	60s	100	1	4027
m	279	298	1	1	0	0	60s	100	1	4027
m	276	304	1	1	0	0	60s	100	1	4027
m	276	310	1	1	0	0	60s	100	1	4027
m	284	324	1	1	0	0	60s	100	1	4027
m	292	317	1	1	0	0	60s	100	1	4027
m	300	314	1	1	0	0	60s	100	1	4027
m	288	295	1	1	0	0	60s	100	1	4027
m	288	281	1	1	0	0	60s	100	1	4027
m	298	276	1	1	0	0	60s	100	1	4027
m	300	298	1	1	0	0	60s	100	1	4027
m	292	309	1	1	0	0	60s	100	1	4027
m	302	328	1	1	0	0	60s	100	1	4027
m	300	330	1	1	0	0	60s	100	1	4027
m	311	307	1	1	0	0	60s	100	1	4027
m	303	294	1	1	0	0	60s	100	1	4027
m	300	276	1	1	0	0	60s	100	1	4027
m	292	272	1	1	0	0	60s	100	1	4027
m	282	259	1	1	0	0	60s	100	1	4027
m	291	254	1	1	0	0	60s	100	1	4027
m	289	242	1	1	0	0	60s	100	1	4027
m	292	224	1	1	0	0	60s	100	1	4027
m	286	215	1	1	0	0	60s	100	1	4027
m	296	199	1	1	0	0	60s	100	1	4027
m	298	193	1	1	0	0	60s	100	1	4027
m	290	180	1	1	0	0	60s	100	1	4027
m	299	175	1	1	0	0	60s	100	1	4027
m	293	188	1	1	0	0	60s	100	1	4025
m	291	230	1	1	0	0	60s	100	1	4025
m	276	264	1	1	0	0	60s	100	1	4025
m	274	276	1	1	0	0	60s	100	1	4025
m	282	289	1	1	0	0	60s	100	1	4025
m	288	296	1	1	0	0	60s	100	1	4025
m	294	303	1	1	0	0	60s	100	1	4025
m	276	314	1	1	0	0	60s	100	1	4025
m	280	327	1	1	0	0	60s	100	1	4025
m	290	339	1	1	0	0	60s	100	1	4025
m	309	320	1	1	0	0	60s	100	1	4025
m	316	300	1	1	0	0	60s	100	1	4025
