m	290	440	1	1	0	0	60s	100	1	4026
m	289	453	1	1	0	0	60s	100	1	4026
m	278	468	1	1	0	0	60s	100	1	4026
m	297	462	1	1	0	0	60s	100	1	4026
m	318	455	1	1	0	0	60s	100	1	4026
m	319	443	1	1	0	0	60s	100	1	4026
m	304	430	1	1	0	0	60s	100	1	4026
m	294	420	1	1	0	0	60s	100	1	4026
m	280	435	1	1	0	0	60s	100	1	4026
m	260	438	1	1	0	0	60s	100	1	4026
m	248	452	1	1	0	0	60s	100	1	4026
m	251	471	1	1	0	0	60s	100	1	4026
m	264	478	1	1	0	0	60s	100	1	4026
m	261	490	1	1	0	0	60s	100	1	4026
m	270	490	1	1	0	0	60s	100	1	4026
m	285	480	1	1	0	0	60s	100	1	4026
m	300	476	1	1	0	0	60s	100	1	4026
m	306	489	1	1	0	0	60s	100	1	4026
m	311	499	1	1	0	0	60s	100	1	4026
m	324	498	1	1	0	0	60s	100	1	4026
m	332	488	1	1	0	0	60s	100	1	4026
m	339	476	1	1	0	0	60s	100	1	4026
m	339	463	1	1	0	0	60s	100	1	4026
m	333	450	1	1	0	0	60s	100	1	4026
m	324	474	1	1	0	0	60s	100	1	4026
m	308	462	1	1	0	0	60s	100	1	4026
m	302	452	1	1	0	0	60s	100	1	4026
m	288	466	1	1	0	0	60s	100	1	4026
m	279	449	1	1	0	0	60s	100	1	4026
m	260	439	1	1	0	0	60s	100	1	4026
m	262	424	1	1	0	0	60s	100	1	4026
m	278	424	1	1	0	0	60s	100	1	4026
m	290	418	1	1	0	0	60s	100	1	4026
m	304	426	1	1	0	0	60s	100	1	4026
m	296	434	1	1	0	0	60s	100	1	4026
m	324	436	1	1	0	0	60s	100	1	4026
m	334	447	1	1	0	0	60s	100	1	4026
m	312	451	1	1	0	0	60s	100	1	4026
m	290	442	1	1	0	0	60s	100	1	4026
m	264	441	1	1	0	0	60s	100	1	4026
m	258	452	1	1	0	0	60s	100	1	4026
m	258	463	1	1	0	0	60s	100	1	4026
m	273	461	1	1	0	0	60s	100	1	4026
m	272	446	1	1	0	0	60s	100	1	4026
m	246	439	1	1	0	0	60s	100	1	4026
m	244	462	1	1	0	0	60s	100	1	4026
m	251	481	1	1	0	0	60s	100	1	4026
m	255	487	1	1	0	0	60s	100	1	4026
m	315	482	1	1	0	0	60s	100	1	4026
m	328	501	1	1	0	0	60s	100	1	4026
m	334	497	1	1	0	0	60s	100	1	4026
m	344	479	1	1	0	0	60s	100	1	4026
m	348	473	1	1	0	0	60s	100	1	4026
m	336	460	1	1	0	0	60s	100	1	4026
m	338	449	1	1	0	0	60s	100	1	4026
m	322	457	1	1	0	0	60s	100	1	4026
m	307	440	1	1	0	0	60s	100	1	4026
m	279	456	1	1	0	0	60s	100	1	4027
m	270	468	1	1	0	0	60s	100	1	4027
m	275	480	1	1	0	0	60s	100	1	4027
m	281	482	1	1	0	0	60s	100	1	4027
m	293	482	1	1	0	0	60s	100	1	4027
m	301	474	1	1	0	0	60s	100	1	4027
m	300	463	1	1	0	0	60s	100	1	4027
m	324	469	1	1	0	0	60s	100	1	4027
m	329	454	1	1	0	0	60s	100	1	4027
m	316	440	1	1	0	0	60s	100	1	4027
m	315	431	1	1	0	0	60s	100	1	4027
m	312	424	1	1	0	0	60s	100	1	4027
m	302	418	1	1	0	0	60s	100	1	4027
m	296	412	1	1	0	0	60s	100	1	4027
m	294	402	1	1	0	0	60s	100	1	4027
m	288	414	1	1	0	0	60s	100	1	4027
m	282	418	1	1	0	0	60s	100	1	4027
m	282	430	1	1	0	0	60s	100	1	4027
m	267	431	1	1	0	0	60s	100	1	4027
m	262	440	1	1	0	0	60s	100	1	4027
m	256	451	1	1	0	0	60s	100	1	4027
m	252	471	1	1	0	0	60s	100	1	4027
m	266	478	1	1	0	0	60s	100	1	4027
m	281	445	1	1	0	0	60s	100	1	4027
m	287	440	1	1	0	0	60s	100	1	4027
m	309	466	1	1	0	0	60s	100	1	4027
m	316	482	1	1	0	0	60s	100	1	4027
m	320	490	1	1	0	0	60s	100	1	4027
m	329	462	1	1	0	0	60s	100	1	4027
m	292	444	1	1	0	0	60s	100	1	4028
m	300	443	1	1	0	0	60s	100	1	4028
m	296	433	1	1	0	0	60s	100	1	4028
m	286	428	1	1	0	0	60s	100	1	4028
m	270	436	1	1	0	0	60s	100	1	4028
m	252	441	1	1	0	0	60s	100	1	4028
m	250	462	1	1	0	0	60s	100	1	4028
m	260	481	1	1	0	0	60s	100	1	4028
m	282	468	1	1	0	0	60s	100	1	4028
m	278	488	1	1	0	0	60s	100	1	4028
m	291	492	1	1	0	0	60s	100	1	4028
m	302	487	1	1	0	0	60s	100	1	4028
m	314	482	1	1	0	0	60s	100	1	4028
m	314	468	1	1	0	0	60s	100	1	4028
m	324	460	1	1	0	0	60s	100	1	4028
m	333	471	1	1	0	0	60s	100	1	4028
m	338	452	1	1	0	0	60s	100	1	4028
m	320	446	1	1	0	0	60s	100	1	4028
m	306	446	1	1	0	0	60s	100	1	4028
m	294	453	1	1	0	0	60s	100	1	4028
m	299	434	1	1	0	0	60s	100	1	4028
m	296	428	1	1	0	0	60s	100	1	4028
m	306	418	1	1	0	0	60s	100	1	4028
m	290	428	1	1	0	0	60s	100	1	4028
m	270	427	1	1	0	0	60s	100	1	4028
m	260	428	1	1	0	0	60s	100	1	4028
m	253	436	1	1	0	0	60s	100	1	4028
m	248	448	1	1	0	0	60s	100	1	4028
m	238	450	1	1	0	0	60s	100	1	4028
m	240	463	1	1	0	0	60s	100	1	4028
m	243	476	1	1	0	0	60s	100	1	4028
m	257	475	1	1	0	0	60s	100	1	4028
m	270	470	1	1	0	0	60s	100	1	4028
m	281	470	1	1	0	0	60s	100	1	4028
m	291	468	1	1	0	0	60s	100	1	4028
m	284	460	1	1	0	0	60s	100	1	4028
m	304	456	1	1	0	0	60s	100	1	4028
m	316	470	1	1	0	0	60s	100	1	4029
m	326	482	1	1	0	0	60s	100	1	4029
m	330	457	1	1	0	0	60s	100	1	4029
m	324	448	1	1	0	0	60s	100	1	4029
m	302	430	1	1	0	0	60s	100	1	4029
m	282	426	1	1	0	0	60s	100	1	4029
m	264	440	1	1	0	0	60s	100	1	4029
m	256	452	1	1	0	0	60s	100	1	4029
m	258	469	1	1	0	0	60s	100	1	4029
m	270	478	1	1	0	0	60s	100	1	4029
m	268	490	1	1	0	0	60s	100	1	4029
m	280	490	1	1	0	0	60s	100	1	4029
m	280	476	1	1	0	0	60s	100	1	4029
m	296	468	1	1	0	0	60s	100	1	4029
m	297	458	1	1	0	0	60s	100	1	4029
m	282	448	1	1	0	0	60s	100	1	4029
m	286	438	1	1	0	0	60s	100	1	4029
m	296	432	1	1	0	0	60s	100	1	4029
m	301	450	1	1	0	0	60s	100	1	4029
m	310	463	1	1	0	0	60s	100	1	4029
m	316	475	1	1	0	0	60s	100	1	4029
m	316	480	1	1	0	0	60s	100	1	4029
m	313	446	1	1	0	0	60s	100	1	4029
m	316	434	1	1	0	0	60s	100	1	4029
m	309	422	1	1	0	0	60s	100	1	4029
m	303	412	1	1	0	0	60s	100	1	4029
m	290	420	1	1	0	0	60s	100	1	4029
m	278	433	1	1	0	0	60s	100	1	4029
m	276	447	1	1	0	0	60s	100	1	4029
m	259	440	1	1	0	0	60s	100	1	4029
m	249	445	1	1	0	0	60s	100	1	4029
m	246	459	1	1	0	0	60s	100	1	4029
m	250	477	1	1	0	0	60s	100	1	4029
m	258	490	1	1	0	0	60s	100	1	4029
m	273	492	1	1	0	0	60s	100	1	4029
m	262	468	1	1	0	0	60s	100	1	4029
m	280	480	1	1	0	0	60s	100	1	4029
m	290	470	1	1	0	0	60s	100	1	4029
m	303	468	1	1	0	0	60s	100	1	4029
m	316	464	1	1	0	0	60s	100	1	4029
m	292	443	1	1	0	0	60s	100	1	4029
m	314	440	1	1	0	0	60s	100	1	4029
m	314	462	1	1	0	0	60s	100	1	4029
m	328	444	1	1	0	0	60s	100	1	4029
m	336	441	1	1	0	0	60s	100	1	4029
