Group Cufar_Lumina_Lunii
{
	Vnum	50011
	1	71084	15	40
	2	50252	1	75
	3	51505	1	20
	4	51506	1	15
	5	27987	10	90
	6	51505	1	30
	7	50128	10	80
	8	30055	2	40
	9	30060	2	40
	10	30056	2	40
	11	30058	2	40
	12	30057	2	40
	13	30059	2	40
	14	30076	1	40
	15	30003	1	60
	16	30004	1	60
	17	30005	1	60
	18	25040	5	80
	19	30078	5	90
	20	30077	1	50
	21	27992	1	70
	22	27993	1	70
	23	27994	1	70
	24	30052	1	70
	25	30048	1	70
	26	30049	1	70
	27	30046	1	70
	28	30051	1	70
	29	30053	1	70
}