Group Config
{
	#--#	Cooldown	RunTime	MinDamage	MinLevel
	1	1	14400	250000	30
}

Group Map
{
	#--#	Index
	1	61

}

Group Boss
{
	#--#	VNum
	1	6418
}

Group Ranking
{
	#--#	Points
	1	100
	2	90
	3	85
	4	80
	5	77
	6	74
	7	71
	8	68
	9	65
	10	62
	11	59
	12	56
	13	53
	14	50
	15	48
	16	46
	17	44
	18	42
	19	40
	20	38
	21	36
	22	34
	23	32
	24	30
	25	28
	26	26
	27	24
	28	23
	29	22
	30	21
	31	20
	32	19
	33	18
	34	17
	35	16
	36	15
	37	14
	38	13
	39	12
	40	11
	41	10
	42	9
	43	8
	44	7
	45	6
	46	5
	47	4
	48	3
	49	2
	50	1
}
