m	36	80	0	0	0	4	1m	100	1	20066
m	38	85	0	0	0	4	1m	100	1	20015

m	125	119	0	0	0	8	5m	100	1	30302
m	176	120	0	0	0	8	5m	100	1	30302
m	144	206	0	0	0	8	5m	100	1	30302
m	140	294	0	0	0	8	5m	100	1	30302
m	206	68	0	0	0	8	5m	100	1	30302
m	299	91	0	0	0	8	5m	100	1	30302
m	225	146	0	0	0	8	5m	100	1	30302
m	87	96	0	0	0	8	5m	100	1	30302
m	57	94	0	0	0	8	5m	100	1	30302
m	105	87	0	0	0	8	5m	100	1	30302
m	133	308	0	0	0	8	5m	100	1	30302
m	117	112	0	0	0	8	5m	100	1	30302
m	145	120	0	0	0	8	5m	100	1	30302
m	173	139	0	0	0	8	5m	100	1	30302
m	171	171	0	0	0	8	5m	100	1	30302
m	141	217	0	0	0	8	5m	100	1	30302
m	140	248	0	0	0	8	5m	100	1	30302
m	134	279	0	0	0	8	5m	100	1	30302
m	223	157	0	0	0	8	5m	100	1	30302
m	229	107	0	0	0	8	5m	100	1	30302
m	192	71	0	0	0	8	5m	100	1	30302
m	144	64	0	0	0	8	5m	100	1	30302
m	50	67	0	0	0	8	5m	100	1	30302
m	80	88	0	0	0	8	5m	100	1	30302
m	228	69	0	0	0	8	5m	100	1	30302
m	163	192	0	0	0	8	5m	100	1	30302
m	43	69	0	0	0	8	5m	100	1	30302

m	173	123	0	0	0	8	15m	100	1	30306
m	222	119	0	0	0	8	15m	100	1	30306