m	396	888	15	15	0	0	15s	100	3	8059
m	289	811	15	15	0	0	15s	100	3	8061
m	209	642	15	15	0	0	15s	100	3	8059
m	136	571	15	15	0	0	15s	100	3	8061
m	99	421	15	15	0	0	15s	100	3	8059
m	182	291	15	15	0	0	15s	100	3	8061
m	325	346	15	15	0	0	15s	100	3	8059
m	504	358	15	15	0	0	15s	100	3	8061
m	374	121	15	15	0	0	15s	100	3	8059
m	572	93	15	15	0	0	15s	100	3	8061
m	569	565	15	15	0	0	15s	100	3	8059
m	571	757	15	15	0	0	15s	100	3	8061
m	209	731	15	15	0	0	15s	100	3	8059
m	528	791	15	15	0	0	15s	100	3	8061
m	531	522	15	15	0	0	15s	100	3	8061
m	624	579	15	15	0	0	15s	100	3	8059
m	168	656	15	15	0	0	15s	100	3	8061
m	157	617	15	15	0	0	15s	100	3	8059
m	96	312	15	15	0	0	15s	100	3	8061
m	340	176	15	15	0	0	15s	100	3	8059
m	311	457	15	15	0	0	15s	100	3	8061
m	411	397	15	15	0	0	15s	100	3	8059
m	606	77	15	15	0	0	15s	100	3	8061
m	600	261	15	15	0	0	15s	100	3	8059
m	562	724	15	15	0	0	15s	100	3	8061
m	458	840	15	15	0	0	15s	100	3	8059
m	423	910	15	15	0	0	15s	100	3	8061
m	354	895	15	15	0	0	15s	100	3	8059
m	315	850	15	15	0	0	15s	100	3	8061
m	487	808	15	15	0	0	15s	100	3	8059
m	513	794	15	15	0	0	15s	100	3	8061
m	539	772	15	15	0	0	15s	100	3	8059
m	583	754	15	15	0	0	15s	100	3	8061
m	592	671	15	15	0	0	15s	100	3	8059
m	595	605	15	15	0	0	15s	100	3	8061
m	555	535	15	15	0	0	15s	100	3	8059
m	592	474	15	15	0	0	15s	100	3	8061
m	616	436	15	15	0	0	15s	100	3	8059
m	629	395	15	15	0	0	15s	100	3	8061
m	640	265	15	15	0	0	15s	100	3	8059
m	603	250	15	15	0	0	15s	100	3	8061
m	582	352	15	15	0	0	15s	100	3	8059
m	481	344	15	15	0	0	15s	100	3	8061
m	477	419	15	15	0	0	15s	100	3	8059
m	428	415	15	15	0	0	15s	100	3	8061
m	363	429	15	15	0	0	15s	100	3	8059
m	255	489	15	15	0	0	15s	100	3	8061
m	195	473	15	15	0	0	15s	100	3	8059
m	138	451	15	15	0	0	15s	100	3	8061
m	117	509	15	15	0	0	15s	100	3	8059
m	183	603	15	15	0	0	15s	100	3	8061
m	240	624	15	15	0	0	15s	100	3	8059
m	196	675	15	15	0	0	15s	100	3	8061
m	197	710	15	15	0	0	15s	100	3	8059
m	251	751	15	15	0	0	15s	100	3	8061
m	280	787	15	15	0	0	15s	100	3	8059
m	306	832	15	15	0	0	15s	100	3	8061
m	98	384	15	15	0	0	15s	100	3	8059
m	84	245	15	15	0	0	15s	100	3	8061
m	104	219	15	15	0	0	15s	100	3	8059
m	145	289	15	15	0	0	15s	100	3	8061
m	203	281	15	15	0	0	15s	100	3	8059
m	251	256	15	15	0	0	15s	100	3	8061
m	308	316	15	15	0	0	15s	100	3	8059
m	314	381	15	15	0	0	15s	100	3	8061
m	320	414	15	15	0	0	15s	100	3	8059
m	385	366	15	15	0	0	15s	100	3	8061
m	314	198	15	15	0	0	15s	100	3	8059
m	334	134	15	15	0	0	15s	100	3	8059
m	363	113	15	15	0	0	15s	100	3	8061
m	382	147	15	15	0	0	15s	100	3	8059
m	421	82	15	15	0	0	15s	100	3	8061
m	547	75	15	15	0	0	15s	100	3	8059
m	588	113	15	15	0	0	15s	100	3	8061