m	127	57	1	2	0	0	5m	100	1	8024
m	105	117	1	2	0	0	5m	100	1	8024
m	51	196	1	2	0	0	5m	100	1	8024
m	94	262	1	2	0	0	5m	100	1	8024
m	168	277	1	2	0	0	5m	100	1	8024
m	151	306	1	2	0	0	5m	100	1	8024
m	56	278	1	2	0	0	5m	100	1	8024
m	18	198	1	2	0	0	5m	100	1	8024
m	28	309	1	2	0	0	5m	100	1	8024
m	95	343	1	2	0	0	5m	100	1	8024
m	231	400	1	2	0	0	5m	100	1	8024
m	236	258	1	2	0	0	5m	100	1	8024
m	241	205	1	2	0	0	5m	100	1	8024
m	317	187	1	2	0	0	5m	100	1	8025
m	399	170	1	2	0	0	5m	100	1	8025
m	455	170	1	2	0	0	5m	100	1	8025
m	472	122	1	2	0	0	5m	100	1	8025
m	443	52	1	2	0	0	5m	100	1	8025
m	419	121	1	2	0	0	5m	100	1	8025
m	444	203	1	2	0	0	5m	100	1	8025
m	477	286	1	2	0	0	5m	100	1	8025
m	474	372	1	2	0	0	5m	100	1	8025
m	440	447	1	2	0	0	5m	100	1	8025
m	308	401	1	2	0	0	5m	100	1	8025
m	350	349	1	2	0	0	5m	100	1	8025
m	277	466	1	2	0	0	5m	100	1	8025
m	168	403	1	2	0	0	5m	100	1	8025
m	117	396	1	2	0	0	5m	100	1	8025
