m	183	264	10	10	0	0	60s	100	1	309
m	198	257	10	10	0	0	60s	100	1	309
m	211	249	10	10	0	0	60s	100	1	309
m	215	256	10	10	0	0	60s	100	1	310
m	225	259	10	10	0	0	60s	100	1	310
m	223	273	10	10	0	0	60s	100	1	307
m	239	265	10	10	0	0	60s	100	1	307
m	246	218	10	10	0	0	60s	100	1	307
m	259	233	10	10	0	0	60s	100	1	307
m	279	260	10	10	0	0	60s	100	1	310
m	294	256	10	10	0	0	60s	100	1	307
m	301	239	10	10	0	0	60s	100	1	310
m	296	223	10	10	0	0	60s	100	1	307
m	298	205	10	10	0	0	60s	100	1	310
m	315	218	10	10	0	0	60s	100	1	307
m	310	232	10	10	0	0	60s	100	1	311
m	300	254	10	10	0	0	60s	100	1	310
m	303	273	10	10	0	0	60s	100	1	309
m	325	268	10	10	0	0	60s	100	1	307
m	331	253	10	10	0	0	60s	100	1	311
m	336	233	10	10	0	0	60s	100	1	309
m	338	217	10	10	0	0	60s	100	1	307
m	360	236	10	10	0	0	60s	100	1	310
m	357	257	10	10	0	0	60s	100	1	311
m	345	268	10	10	0	0	60s	100	1	309
m	327	279	10	10	0	0	60s	100	1	307
m	344	294	10	10	0	0	60s	100	1	311
m	359	295	10	10	0	0	60s	100	1	310
m	372	291	10	10	0	0	60s	100	1	309
m	389	285	10	10	0	0	60s	100	1	307
m	398	300	10	10	0	0	60s	100	1	308
m	394	313	10	10	0	0	60s	100	1	312
m	379	321	10	10	0	0	60s	100	1	310
m	358	329	10	10	0	0	60s	100	1	312
m	343	343	10	10	0	0	60s	100	1	307
m	351	358	10	10	0	0	60s	100	1	311
m	368	354	10	10	0	0	60s	100	1	308
m	387	342	10	10	0	0	60s	100	1	310
m	400	330	10	10	0	0	60s	100	1	307
m	407	320	10	10	0	0	60s	100	1	312
m	417	299	10	10	0	0	60s	100	1	308
m	423	321	10	10	0	0	60s	100	1	310
m	410	336	10	10	0	0	60s	100	1	308
m	394	342	10	10	0	0	60s	100	1	312
m	371	350	10	10	0	0	60s	100	1	310
m	349	355	10	10	0	0	60s	100	1	307
m	349	374	10	10	0	0	60s	100	1	310
m	363	370	10	10	0	0	60s	100	1	308
m	378	363	10	10	0	0	60s	100	1	312
m	389	354	10	10	0	0	60s	100	1	312
m	396	346	10	10	0	0	60s	100	1	310
m	411	355	10	10	0	0	60s	100	1	307
m	433	336	10	10	0	0	60s	100	1	308
m	443	354	10	10	0	0	60s	100	1	308
m	435	363	10	10	0	0	60s	100	1	312
m	427	372	10	10	0	0	60s	100	1	310
m	420	381	10	10	0	0	60s	100	1	308
m	405	393	10	10	0	0	60s	100	1	307
m	385	400	10	10	0	0	60s	100	1	311
m	362	405	10	10	0	0	60s	100	1	310
m	398	425	10	10	0	0	60s	100	1	311
m	399	410	10	10	0	0	60s	100	1	307
m	412	395	10	10	0	0	60s	100	1	312
m	424	384	10	10	0	0	60s	100	1	310
m	430	371	10	10	0	0	60s	100	1	308
m	439	352	10	10	0	0	60s	100	1	312
m	445	364	10	10	0	0	60s	100	1	310
m	451	377	10	10	0	0	60s	100	1	311
m	455	388	10	10	0	0	60s	100	1	307
m	465	405	10	10	0	0	60s	100	1	310
m	478	384	10	10	0	0	60s	100	1	312
m	481	367	10	10	0	0	60s	100	1	308
m	347	315	10	10	0	0	60s	100	1	308
m	360	309	10	10	0	0	60s	100	1	310
m	374	303	10	10	0	0	60s	100	1	312
m	391	296	10	10	0	0	60s	100	1	307
m	372	261	10	10	0	0	60s	100	1	308
m	320	249	10	10	0	0	60s	100	1	310
m	267	253	10	10	0	0	60s	100	1	307
m	401	356	10	10	0	0	60s	100	1	310
m	387	376	10	10	0	0	60s	100	1	308
m	366	386	10	10	0	0	60s	100	1	312
m	366	370	10	10	0	0	60s	100	1	311
m	420	353	10	10	0	0	60s	100	1	312
m	416	329	10	10	0	0	60s	100	1	310
g	516	357	10	10	0	0	60s	100	1	1997
g	465	378	10	10	0	0	60s	100	1	1997
g	452	491	10	10	0	0	60s	100	1	1997
g	429	404	10	10	0	0	60s	100	1	1997
g	409	419	10	10	0	0	60s	100	1	1997
g	383	405	10	10	0	0	60s	100	1	1997
g	375	374	10	10	0	0	60s	100	1	1997
g	394	342	10	10	0	0	60s	100	1	1997
g	381	328	10	10	0	0	60s	100	1	1997
g	392	316	10	10	0	0	60s	100	1	1997
g	516	357	10	10	0	0	60s	100	1	1997
g	371	293	10	10	0	0	60s	100	1	1997
g	377	266	10	10	0	0	60s	100	1	1997
g	345	277	10	10	0	0	60s	100	1	1997
g	333	260	10	10	0	0	60s	100	1	1997
g	385	331	10	10	0	0	60s	100	1	1997
g	358	341	10	10	0	0	60s	100	1	1997
g	387	391	10	10	0	0	60s	100	1	1997
g	412	378	10	10	0	0	60s	100	1	1997
g	470	368	10	10	0	0	60s	100	1	1997
g	535	358	10	10	0	0	60s	100	1	1998
g	540	338	10	10	0	0	60s	100	1	1998
g	559	335	10	10	0	0	60s	100	1	1998
g	548	306	10	10	0	0	60s	100	1	1998
g	572	306	10	10	0	0	60s	100	1	1998
g	576	285	10	10	0	0	60s	100	1	1998
g	598	293	10	10	0	0	60s	100	1	1998
g	583	246	10	10	0	0	60s	100	1	1998
g	600	225	10	10	0	0	60s	100	1	1998
g	619	218	10	10	0	0	60s	100	1	1998
g	637	234	10	10	0	0	60s	100	1	1998
g	629	253	10	10	0	0	60s	100	1	1998
g	634	274	10	10	0	0	60s	100	1	1998
g	626	293	10	10	0	0	60s	100	1	1998
g	603	297	10	10	0	0	60s	100	1	1998
g	593	273	10	10	0	0	60s	100	1	1998
g	613	260	10	10	0	0	60s	100	1	1998
g	627	249	10	10	0	0	60s	100	1	1998
g	592	241	10	10	0	0	60s	100	1	1998
g	565	261	10	10	0	0	60s	100	1	1998
g	560	302	10	10	0	0	60s	100	1	1998
g	580	314	10	10	0	0	60s	100	1	1998
g	626	308	10	10	0	0	60s	100	1	1998
g	618	285	10	10	0	0	60s	100	1	1998
g	585	300	10	10	0	0	60s	100	1	1998
g	602	247	10	10	0	0	60s	100	1	1998
g	584	277	10	10	0	0	60s	100	1	1998
g	631	218	10	10	0	0	60s	100	1	1998
g	631	273	10	10	0	0	60s	100	1	1998
g	743	262	10	10	0	0	60s	100	1	1998
g	746	252	10	10	0	0	60s	100	1	1998
g	765	250	10	10	0	0	60s	100	1	1998
g	771	269	10	10	0	0	60s	100	1	1998
g	753	282	10	10	0	0	60s	100	1	1998
g	739	296	10	10	0	0	60s	100	1	1998
g	729	281	10	10	0	0	60s	100	1	1998
g	749	311	10	10	0	0	60s	100	1	1998
g	763	309	10	10	0	0	60s	100	1	1998
g	779	305	10	10	0	0	60s	100	1	1998
g	773	286	10	10	0	0	60s	100	1	1998
g	782	316	10	10	0	0	60s	100	1	1998
g	770	332	10	10	0	0	60s	100	1	1998
g	761	342	10	10	0	0	60s	100	1	1998
g	773	352	10	10	0	0	60s	100	1	1998
g	796	351	10	10	0	0	60s	100	1	1998
g	802	370	10	10	0	0	60s	100	1	1998
g	817	385	10	10	0	0	60s	100	1	1998
g	783	331	10	10	0	0	60s	100	1	1998
g	758	298	10	10	0	0	60s	100	1	1998
g	740	281	10	10	0	0	60s	100	1	1998
g	752	321	10	10	0	0	60s	100	1	1998
g	781	319	10	10	0	0	60s	100	1	1998
g	805	385	10	10	0	0	60s	100	1	1998
g	806	401	10	10	0	0	60s	100	1	1998
g	814	420	10	10	0	0	60s	100	1	2000
g	828	425	10	10	0	0	60s	100	1	1999
g	845	428	10	10	0	0	60s	100	1	2000
g	861	440	10	10	0	0	60s	100	1	1999
g	876	444	10	10	0	0	60s	100	1	2000
g	883	455	10	10	0	0	60s	100	1	1999
g	888	469	10	10	0	0	60s	100	1	2000
g	883	482	10	10	0	0	60s	100	1	1999
g	866	481	10	10	0	0	60s	100	1	2000
g	854	473	10	10	0	0	60s	100	1	1999
g	846	465	10	10	0	0	60s	100	1	2000
g	838	459	10	10	0	0	60s	100	1	1999
g	828	455	10	10	0	0	60s	100	1	2000
g	820	449	10	10	0	0	60s	100	1	1999
g	811	442	10	10	0	0	60s	100	1	2000
g	803	435	10	10	0	0	60s	100	1	1999
g	790	428	10	10	0	0	60s	100	1	2000
g	779	437	10	10	0	0	60s	100	1	1999
g	790	443	10	10	0	0	60s	100	1	2000
g	800	450	10	10	0	0	60s	100	1	1999
g	808	456	10	10	0	0	60s	100	1	2000
g	816	460	10	10	0	0	60s	100	1	1999
g	827	468	10	10	0	0	60s	100	1	2000
g	837	475	10	10	0	0	60s	100	1	1999
g	847	481	10	10	0	0	60s	100	1	2000
g	854	486	10	10	0	0	60s	100	1	1999
g	864	493	10	10	0	0	60s	100	1	2000
g	872	499	10	10	0	0	60s	100	1	1999
g	865	507	10	10	0	0	60s	100	1	2000
g	856	503	10	10	0	0	60s	100	1	1999
g	848	499	10	10	0	0	60s	100	1	2000
g	839	494	10	10	0	0	60s	100	1	1999
g	830	490	10	10	0	0	60s	100	1	2000
g	820	485	10	10	0	0	60s	100	1	1999
g	809	480	10	10	0	0	60s	100	1	2000
g	800	475	10	10	0	0	60s	100	1	1999
g	790	470	10	10	0	0	60s	100	1	2000
g	781	465	10	10	0	0	60s	100	1	1999
g	773	461	10	10	0	0	60s	100	1	2000
g	763	456	10	10	0	0	60s	100	1	1999
g	762	472	10	10	0	0	60s	100	1	2000
g	770	477	10	10	0	0	60s	100	1	1999
g	779	482	10	10	0	0	60s	100	1	2000
g	789	488	10	10	0	0	60s	100	1	1999
g	797	493	10	10	0	0	60s	100	1	2000
g	804	497	10	10	0	0	60s	100	1	1999
g	815	501	10	10	0	0	60s	100	1	2000
g	824	505	10	10	0	0	60s	100	1	1999
g	834	510	10	10	0	0	60s	100	1	1999
g	841	513	10	10	0	0	60s	100	1	2000
g	850	518	10	10	0	0	60s	100	1	1999
g	859	521	10	10	0	0	60s	100	1	2000
g	867	525	10	10	0	0	60s	100	1	1999
g	866	535	10	10	0	0	60s	100	1	2000
g	857	534	10	10	0	0	60s	100	1	1999
g	847	532	10	10	0	0	60s	100	1	2000
g	838	531	10	10	0	0	60s	100	1	1999
g	830	529	10	10	0	0	60s	100	1	2000
g	821	528	10	10	0	0	60s	100	1	1999
g	810	526	10	10	0	0	60s	100	1	2000
g	800	524	10	10	0	0	60s	100	1	1999
g	791	523	10	10	0	0	60s	100	1	2000
g	780	517	10	10	0	0	60s	100	1	1999
g	769	513	10	10	0	0	60s	100	1	2000
g	757	510	10	10	0	0	60s	100	1	1999
g	821	438	10	10	0	0	60s	100	1	2000
g	841	463	10	10	0	0	60s	100	1	1999
g	865	468	10	10	0	0	60s	100	1	2000
g	814	510	10	10	0	0	60s	100	1	1999
g	791	517	10	10	0	0	60s	100	1	2000
g	796	517	10	10	0	0	60s	100	1	2000
g	825	537	10	10	0	0	60s	100	1	1999
g	818	548	10	10	0	0	60s	100	1	2000
g	831	553	10	10	0	0	60s	100	1	1999
g	842	58	10	10	0	0	60s	100	1	2000
g	852	565	10	10	0	0	60s	100	1	1999
g	845	574	10	10	0	0	60s	100	1	2000
g	800	554	10	10	0	0	60s	100	1	1999
g	789	550	10	10	0	0	60s	100	1	2000
g	778	536	10	10	0	0	60s	100	1	1999
g	768	542	10	10	0	0	60s	100	1	2000
g	749	539	10	10	0	0	60s	100	1	1999
g	747	533	10	10	0	0	60s	100	1	2000
g	746	545	10	10	0	0	60s	100	1	1999
g	751	548	10	10	0	0	60s	100	1	2000
g	761	550	10	10	0	0	60s	100	1	1999
g	769	552	10	10	0	0	60s	100	1	2000
g	780	555	10	10	0	0	60s	100	1	1999
g	790	558	10	10	0	0	60s	100	1	2000
g	798	560	10	10	0	0	60s	100	1	1999
g	791	517	10	10	0	0	60s	100	1	2000
g	811	563	10	10	0	0	60s	100	1	1999
g	825	565	10	10	0	0	60s	100	1	2000
g	834	567	10	10	0	0	60s	100	1	1999
g	843	568	10	10	0	0	60s	100	1	2000
g	855	571	10	10	0	0	60s	100	1	1999
g	863	572	10	10	0	0	60s	100	1	2000
g	859	583	10	10	0	0	60s	100	1	1999
g	847	579	10	10	0	0	60s	100	1	2000
g	811	563	10	10	0	0	60s	100	1	1999
g	834	574	10	10	0	0	60s	100	1	2000
g	817	570	10	10	0	0	60s	100	1	1999
g	807	566	10	10	0	0	60s	100	1	2000
g	811	563	10	10	0	0	60s	100	1	1999
g	780	534	10	10	0	0	60s	100	1	2000
g	783	497	10	10	0	0	60s	100	1	1999
g	745	557	10	10	0	0	60s	100	1	2000
g	756	562	10	10	0	0	60s	100	1	1999
g	741	564	10	10	0	0	60s	100	1	2000
g	811	563	10	10	0	0	60s	100	1	1999
g	750	572	10	10	0	0	60s	100	1	2000
g	760	581	10	10	0	0	60s	100	1	1999
g	773	591	10	10	0	0	60s	100	1	2000
g	783	598	10	10	0	0	60s	100	1	1999
g	793	606	10	10	0	0	60s	100	1	2000
g	805	613	10	10	0	0	60s	100	1	1999
g	819	617	10	10	0	0	60s	100	1	2000
g	831	622	10	10	0	0	60s	100	1	1999
g	841	625	10	10	0	0	60s	100	1	2000
g	811	563	10	10	0	0	60s	100	1	1999
g	853	627	10	10	0	0	60s	100	1	2000
g	863	629	10	10	0	0	60s	100	1	1999
g	867	620	10	10	0	0	60s	100	1	2000
g	858	617	10	10	0	0	60s	100	1	1999
g	811	563	10	10	0	0	60s	100	1	2000
g	843	611	10	10	0	0	60s	100	1	2000
g	829	607	10	10	0	0	60s	100	1	2000
g	809	603	10	10	0	0	60s	100	1	2000
g	791	593	10	10	0	0	60s	100	1	2000
g	770	570	10	10	0	0	60s	100	1	2000
g	818	582	10	10	0	0	60s	100	1	2000
g	826	594	10	10	0	0	60s	100	1	2000
g	848	594	10	10	0	0	60s	100	1	2000
g	840	588	10	10	0	0	60s	100	1	2000
g	845	545	10	10	0	0	60s	100	1	2000
g	841	553	10	10	0	0	60s	100	1	2000
g	858	549	10	10	0	0	60s	100	1	2000
g	848	556	10	10	0	0	60s	100	1	2000
g	874	473	10	10	0	0	60s	100	1	2000
g	808	490	10	10	0	0	60s	100	1	2000
g	789	506	10	10	0	0	60s	100	1	2000
g	766	493	10	10	0	0	60s	100	1	2000
g	832	541	10	10	0	0	60s	100	1	2000
g	806	578	10	10	0	0	60s	100	1	2000
g	802	591	10	10	0	0	60s	100	1	2000
g	838	602	10	10	0	0	60s	100	1	2000
g	857	603	10	10	0	0	60s	100	1	2000
g	778	574	10	10	0	0	60s	100	1	2000
g	755	572	10	10	0	0	60s	100	1	2000
g	816	599	10	10	0	0	60s	100	1	2000
g	816	609	10	10	0	0	60s	100	1	2000
g	842	489	10	10	0	0	60s	100	1	2000
g	824	478	10	10	0	0	60s	100	1	2000
g	799	507	10	10	0	0	60s	100	1	2000
g	862	561	10	10	0	0	60s	100	1	2000
g	861	546	10	10	0	0	60s	100	1	2000
g	846	602	10	10	0	0	60s	100	1	2000
g	825	582	10	10	0	0	60s	100	1	2000
g	754	521	10	10	0	0	60s	100	1	2000
g	759	538	10	10	0	0	60s	100	1	2000
g	767	523	10	10	0	0	60s	100	1	2000
g	852	636	10	10	0	0	60s	100	1	2000
g	848	643	10	10	0	0	60s	100	1	2000
g	837	644	10	10	0	0	60s	100	1	2000
g	826	645	10	10	0	0	60s	100	1	2000
g	822	635	10	10	0	0	60s	100	1	2000
g	835	634	10	10	0	0	60s	100	1	2000
g	819	645	10	10	0	0	60s	100	1	2000
g	826	658	10	10	0	0	60s	100	1	2000
g	818	651	10	10	0	0	60s	100	1	2000
