m	324	311	10	10	0	0	1m	100	1	6391
m	291	306	10	10	0	0	1m	100	1	6391
m	257	307	10	10	0	0	1m	100	1	6391
m	239	281	10	10	0	0	1m	100	1	6391
m	200	272	10	10	0	0	1m	100	1	6391
m	187	297	10	10	0	0	1m	100	1	6391
m	183	324	10	10	0	0	1m	100	1	6391
m	213	330	10	10	0	0	1m	100	1	6391
m	217	296	10	10	0	0	1m	100	1	6391
m	232	317	10	10	0	0	1m	100	1	6391
m	212	246	10	10	0	0	1m	100	1	6391
m	201	217	10	10	0	0	1m	100	1	6391
m	221	202	10	10	0	0	1m	100	1	6391
m	231	182	10	10	0	0	1m	100	1	6192
m	224	157	10	10	0	0	1m	100	1	6192
m	188	158	10	10	0	0	1m	100	1	6192
m	212	169	10	10	0	0	1m	100	1	6192
m	197	181	10	10	0	0	1m	100	1	6192
m	193	198	10	10	0	0	1m	100	1	6192
m	181	182	10	10	0	0	1m	100	1	6192
m	151	181	10	10	0	0	1m	100	1	6192
m	124	173	10	10	0	0	1m	100	1	6192
m	111	160	10	10	0	0	1m	100	1	6192
m	111	126	10	10	0	0	1m	100	1	6192
m	118	94	10	10	0	0	1m	100	1	6192
m	116	69	10	10	0	0	1m	100	1	6192
m	83	80	10	10	0	0	1m	100	1	6192
m	103	82	10	10	0	0	1m	100	1	6192
m	66	34	10	10	0	0	1m	100	1	6192
m	94	32	10	10	0	0	1m	100	1	6192
m	83	44	10	10	0	0	1m	100	1	6192
m	75	61	10	10	0	0	1m	100	1	6192
m	432	322	10	10	0	0	1m	100	1	6191
m	459	313	10	10	0	0	1m	100	1	6191
m	464	282	10	10	0	0	1m	100	1	6191
m	469	243	10	10	0	0	1m	100	1	6191
m	450	232	10	10	0	0	1m	100	1	6191
m	440	208	10	10	0	0	1m	100	1	6191
m	457	181	10	10	0	0	1m	100	1	6191
m	484	183	10	10	0	0	1m	100	1	6191
m	459	204	10	10	0	0	1m	100	1	6191
m	483	202	10	10	0	0	1m	100	1	6191
m	476	223	10	10	0	0	1m	100	1	6191
m	498	224	10	10	0	0	1m	100	1	6191
m	503	176	10	10	0	0	1m	100	1	6191
m	543	169	10	10	0	0	1m	100	1	6191
m	553	179	10	10	0	0	1m	100	1	6191
m	586	169	10	10	0	0	1m	100	1	6191
m	611	161	10	10	0	0	1m	100	1	6091
m	634	147	10	10	0	0	1m	100	1	6091
m	653	169	10	10	0	0	1m	100	1	6091
m	607	182	10	10	0	0	1m	100	1	6091
m	615	200	10	10	0	0	1m	100	1	6091
m	644	195	10	10	0	0	1m	100	1	6091
m	628	179	10	10	0	0	1m	100	1	6091
m	639	168	10	10	0	0	1m	100	1	6091
m	623	126	10	10	0	0	1m	100	1	6091
m	629	102	10	10	0	0	1m	100	1	6091
m	615	87	10	10	0	0	1m	100	1	6091
m	636	80	10	10	0	0	1m	100	1	6091
m	652	87	10	10	0	0	1m	100	1	6091
m	684	78	10	10	0	0	1m	100	1	6091
m	664	77	10	10	0	0	1m	100	1	6091
m	684	44	10	10	0	0	1m	100	1	6091
m	695	33	10	10	0	0	1m	100	1	6091
m	387	475	10	10	0	0	1m	100	1	2598
m	404	468	10	10	0	0	1m	100	1	2598
m	398	493	10	10	0	0	1m	100	1	2598
m	401	513	10	10	0	0	1m	100	1	2598
m	416	539	10	10	0	0	1m	100	1	2598
m	400	559	10	10	0	0	1m	100	1	2598
m	423	592	10	10	0	0	1m	100	1	2598
m	425	561	10	10	0	0	1m	100	1	2598
m	448	545	10	10	0	0	1m	100	1	2598
m	462	557	10	10	0	0	1m	100	1	2598
m	442	574	10	10	0	0	1m	100	1	2598
m	444	588	10	10	0	0	1m	100	1	2598
m	483	567	10	10	0	0	1m	100	1	2598
m	499	571	10	10	0	0	1m	100	1	2598
m	497	601	10	10	0	0	1m	100	1	2598
m	499	632	10	10	0	0	1m	100	1	7232
m	504	648	10	10	0	0	1m	100	1	7232
m	478	655	10	10	0	0	1m	100	1	7232
m	439	652	10	10	0	0	1m	100	1	7232
m	414	656	10	10	0	0	1m	100	1	7232
m	379	661	10	10	0	0	1m	100	1	7232
m	363	652	10	10	0	0	1m	100	1	7232
m	352	632	10	10	0	0	1m	100	1	7232
m	312	644	10	10	0	0	1m	100	1	7232
m	338	649	10	10	0	0	1m	100	1	7232
m	317	664	10	10	0	0	1m	100	1	7232
m	328	682	10	10	0	0	1m	100	1	7232
m	345	681	10	10	0	0	1m	100	1	7232
m	358	669	10	10	0	0	1m	100	1	7232
m	339	715	10	10	0	0	1m	100	1	7232
m	336	735	10	10	0	0	1m	100	1	7232
