m	327	309	10	10	0	0	1m	100	1	5163
m	317	330	10	10	0	0	1m	100	1	5163
m	300	302	10	10	0	0	1m	100	1	5163
m	263	308	10	10	0	0	1m	100	1	5163
m	230	291	10	10	0	0	1m	100	1	5163
m	193	287	10	10	0	0	1m	100	1	5163
m	180	312	10	10	0	0	1m	100	1	5163
m	205	332	10	10	0	0	1m	100	1	5163
m	206	301	10	10	0	0	1m	100	1	5163
m	226	328	10	10	0	0	1m	100	1	5163
m	218	274	10	10	0	0	1m	100	1	5163
m	203	265	10	10	0	0	1m	100	1	5163
m	211	247	10	10	0	0	1m	100	1	5163
m	223	249	10	10	0	0	1m	100	1	5163
m	200	229	10	10	0	0	1m	100	1	5163
m	221	207	10	10	0	0	1m	100	1	693
m	184	199	10	10	0	0	1m	100	1	693
m	184	165	10	10	0	0	1m	100	1	693
m	208	149	10	10	0	0	1m	100	1	693
m	214	164	10	10	0	0	1m	100	1	693
m	193	180	10	10	0	0	1m	100	1	693
m	203	195	10	10	0	0	1m	100	1	693
m	220	183	10	10	0	0	1m	100	1	693
m	229	167	10	10	0	0	1m	100	1	693
m	236	185	10	10	0	0	1m	100	1	693
m	165	177	10	10	0	0	1m	100	1	693
m	125	173	10	10	0	0	1m	100	1	693
m	111	149	10	10	0	0	1m	100	1	693
m	115	125	10	10	0	0	1m	100	1	693
m	111	165	10	10	0	0	1m	100	1	693
m	114	107	10	10	0	0	1m	100	1	693
m	116	84	10	10	0	0	1m	100	1	693
m	86	81	10	10	0	0	1m	100	1	693
m	74	45	10	10	0	0	1m	100	1	693
m	67	32	10	10	0	0	1m	100	1	693
m	90	29	10	10	0	0	1m	100	1	693
m	85	46	10	10	0	0	1m	100	1	693
m	77	72	10	10	0	0	1m	100	1	693
m	100	74	10	10	0	0	1m	100	1	693
m	420	324	10	10	0	0	1m	100	1	2092
m	442	331	10	10	0	0	1m	100	1	2092
m	458	304	10	10	0	0	1m	100	1	2092
m	470	268	10	10	0	0	1m	100	1	2092
m	456	240	10	10	0	0	1m	100	1	2092
m	442	220	10	10	0	0	1m	100	1	2092
m	457	190	10	10	0	0	1m	100	1	2092
m	474	182	10	10	0	0	1m	100	1	2092
m	487	198	10	10	0	0	1m	100	1	2092
m	458	208	10	10	0	0	1m	100	1	2092
m	476	229	10	10	0	0	1m	100	1	2092
m	492	218	10	10	0	0	1m	100	1	2092
m	519	176	10	10	0	0	1m	100	1	2092
m	559	179	10	10	0	0	1m	100	1	2092
m	581	172	10	10	0	0	1m	100	1	2092
m	611	160	10	10	0	0	1m	100	1	1093
m	649	151	10	10	0	0	1m	100	1	1093
m	616	185	10	10	0	0	1m	100	1	1093
m	639	196	10	10	0	0	1m	100	1	1093
m	644	172	10	10	0	0	1m	100	1	1093
m	624	123	10	10	0	0	1m	100	1	1093
m	624	91	10	10	0	0	1m	100	1	1093
m	638	78	10	10	0	0	1m	100	1	1093
m	668	86	10	10	0	0	1m	100	1	1093
m	689	38	10	10	0	0	1m	100	1	1093
m	698	29	10	10	0	0	1m	100	1	1093
m	696	61	10	10	0	0	1m	100	1	1093
m	684	78	10	10	0	0	1m	100	1	1093
m	391	483	10	10	0	0	1m	100	1	1093
m	401	471	10	10	0	0	1m	100	1	1093
m	397	528	10	10	0	0	1m	100	1	1093
m	426	536	10	10	0	0	1m	100	1	1093
m	405	560	10	10	0	0	1m	100	1	1093
m	425	580	10	10	0	0	1m	100	1	1093
m	446	553	10	10	0	0	1m	100	1	1093
m	493	563	10	10	0	0	1m	100	1	1093
m	452	580	10	10	0	0	1m	100	1	1093
m	497	483	10	10	0	0	1m	100	1	1093
m	501	607	10	10	0	0	1m	100	1	2493
m	498	649	10	10	0	0	1m	100	1	2493
m	448	656	10	10	0	0	1m	100	1	2493
m	376	661	10	10	0	0	1m	100	1	2493
m	337	681	10	10	0	0	1m	100	1	2493
m	309	663	10	10	0	0	1m	100	1	2493
m	336	735	10	10	0	0	1m	100	1	2493
m	359	631	10	10	0	0	1m	100	1	2493
m	410	656	10	10	0	0	1m	100	1	2493
m	328	621	10	10	0	0	1m	100	1	2493
m	338	656	10	10	0	0	1m	100	1	2493
