m	340	337	10	10	0	0	1m	100	1	11505
m	324	328	10	10	0	0	1m	100	1	11505
m	307	315	10	10	0	0	1m	100	1	11505
m	280	308	10	10	0	0	1m	100	1	11505
m	252	308	10	10	0	0	1m	100	1	11505
m	229	312	10	10	0	0	1m	100	1	11505
m	205	311	10	10	0	0	1m	100	1	11505
m	211	286	10	10	0	0	1m	100	1	11505
m	209	249	10	10	0	0	1m	100	1	11505
m	207	219	10	10	0	0	1m	100	1	11505
m	207	176	10	10	0	0	1m	100	1	11505
m	176	175	10	10	0	0	1m	100	1	11505
m	144	175	10	10	0	0	1m	100	1	11505
m	116	173	10	10	0	0	1m	100	1	11505
m	113	142	10	10	0	0	1m	100	1	11505
m	113	106	10	10	0	0	1m	100	1	11505
m	107	82	10	10	0	0	1m	100	1	11505
m	82	75	10	10	0	0	1m	100	1	11505
m	82	46	10	10	0	0	1m	100	1	11505
m	232	176	10	10	0	0	1m	100	1	11505
m	195	206	10	10	0	0	1m	100	1	11505
m	195	149	10	10	0	0	1m	100	1	11505
m	188	293	10	10	0	0	1m	100	1	11505
m	223	333	10	10	0	0	1m	100	1	11505
m	381	337	10	10	0	0	1m	100	1	11505
m	412	343	10	10	0	0	1m	100	1	11505
m	428	368	10	10	0	0	1m	100	1	11505
m	425	403	10	10	0	0	1m	100	1	11505
m	420	426	10	10	0	0	1m	100	1	11505
m	386	435	10	10	0	0	1m	100	1	11505
m	354	428	10	10	0	0	1m	100	1	11505
m	339	392	10	10	0	0	1m	100	1	11505
m	433	326	10	10	0	0	1m	100	1	11505
m	462	308	10	10	0	0	1m	100	1	11505
m	463	281	10	10	0	0	1m	100	1	11505
m	462	251	10	10	0	0	1m	100	1	11505
m	450	232	10	10	0	0	1m	100	1	11505
m	440	205	10	10	0	0	1m	100	1	11505
m	458	185	10	10	0	0	1m	100	1	11505
m	488	193	10	10	0	0	1m	100	1	11505
m	495	220	10	10	0	0	1m	100	1	11505
m	474	233	10	10	0	0	1m	100	1	11505
m	466	208	10	10	0	0	1m	100	1	11505
m	495	175	10	10	0	0	1m	100	1	11505
m	525	176	10	10	0	0	1m	100	1	11505
m	555	179	10	10	0	0	1m	100	1	11505
m	578	176	10	10	0	0	1m	100	1	11505
m	605	160	10	10	0	0	1m	100	1	11505
m	630	153	10	10	0	0	1m	100	1	11505
m	652	171	10	10	0	0	1m	100	1	11505
m	635	193	10	10	0	0	1m	100	1	11505
m	606	194	10	10	0	0	1m	100	1	11505
m	627	178	10	10	0	0	1m	100	1	11505
m	625	124	10	10	0	0	1m	100	1	11505
m	625	103	10	10	0	0	1m	100	1	11505
m	636	84	10	10	0	0	1m	100	1	11505
m	670	85	10	10	0	0	1m	100	1	11505
m	692	75	10	10	0	0	1m	100	1	11505
m	692	43	10	10	0	0	1m	100	1	11505
m	692	33	10	10	0	0	1m	100	1	11505
m	400	459	10	10	0	0	1m	100	1	11505
m	397	490	10	10	0	0	1m	100	1	11505
m	399	525	10	10	0	0	1m	100	1	11505
m	410	552	10	10	0	0	1m	100	1	11505
m	423	581	10	10	0	0	1m	100	1	11505
m	439	544	10	10	0	0	1m	100	1	11505
m	459	528	10	10	0	0	1m	100	1	11505
m	477	506	10	10	0	0	1m	100	1	11505
m	434	563	10	10	0	0	1m	100	1	11505
m	444	588	10	10	0	0	1m	100	1	11505
m	464	566	10	10	0	0	1m	100	1	11505
m	492	565	10	10	0	0	1m	100	1	11505
m	501	583	10	10	0	0	1m	100	1	11505
m	502	615	10	10	0	0	1m	100	1	11505
m	497	646	10	10	0	0	1m	100	1	11505
m	464	662	10	10	0	0	1m	100	1	11505
m	429	661	10	10	0	0	1m	100	1	11505
m	383	660	10	10	0	0	1m	100	1	11505
m	358	660	10	10	0	0	1m	100	1	11505
m	348	633	10	10	0	0	1m	100	1	11505
m	325	650	10	10	0	0	1m	100	1	11505
m	338	668	10	10	0	0	1m	100	1	11505
m	335	686	10	10	0	0	1m	100	1	11505
m	334	715	10	10	0	0	1m	100	1	11505
m	335	729	10	10	0	0	1m	100	1	11505
