m	335	316	10	10	0	0	1m	100	1	8009
m	324	338	10	10	0	0	1m	100	1	8009
m	320	308	10	10	0	0	1m	100	1	8009
m	301	308	10	10	0	0	1m	100	1	8009
m	260	301	10	10	0	0	1m	100	1	8009
m	228	297	10	10	0	0	1m	100	1	8009
m	219	268	10	10	0	0	1m	100	1	8009
m	188	284	10	10	0	0	1m	100	1	8009
m	186	306	10	10	0	0	1m	100	1	8009
m	205	325	10	10	0	0	1m	100	1	8009
m	212	325	10	10	0	0	1m	100	1	8009
m	199	295	10	10	0	0	1m	100	1	8009
m	226	305	10	10	0	0	1m	100	1	8009
m	224	321	10	10	0	0	1m	100	1	8009
m	211	249	10	10	0	0	1m	100	1	8010
m	201	215	10	10	0	0	1m	100	1	8010
m	188	192	10	10	0	0	1m	100	1	8010
m	200	162	10	10	0	0	1m	100	1	8010
m	225	162	10	10	0	0	1m	100	1	8010
m	209	177	10	10	0	0	1m	100	1	8010
m	201	195	10	10	0	0	1m	100	1	8010
m	215	204	10	10	0	0	1m	100	1	8010
m	229	178	10	10	0	0	1m	100	1	8010
m	175	162	10	10	0	0	1m	100	1	8010
m	178	181	10	10	0	0	1m	100	1	8010
m	158	186	10	10	0	0	1m	100	1	8010
m	128	181	10	10	0	0	1m	100	1	8010
m	109	168	10	10	0	0	1m	100	1	8010
m	105	152	10	10	0	0	1m	100	1	8010
m	144	174	10	10	0	0	1m	100	1	8010
m	166	173	10	10	0	0	1m	100	1	8010
m	116	130	10	10	0	0	1m	100	1	8011
m	102	133	10	10	0	0	1m	100	1	8011
m	106	112	10	10	0	0	1m	100	1	8011
m	119	84	10	10	0	0	1m	100	1	8011
m	90	76	10	10	0	0	1m	100	1	8011
m	72	57	10	10	0	0	1m	100	1	8011
m	75	32	10	10	0	0	1m	100	1	8011
m	88	32	10	10	0	0	1m	100	1	8011
m	84	44	10	10	0	0	1m	100	1	8011
m	66	36	10	10	0	0	1m	100	1	8011
m	78	82	10	10	0	0	1m	100	1	8011
m	105	69	10	10	0	0	1m	100	1	8011
m	115	96	10	10	0	0	1m	100	1	8011
m	119	110	10	10	0	0	1m	100	1	8011
m	432	322	10	10	0	0	1m	100	1	8012
m	455	320	10	10	0	0	1m	100	1	8012
m	472	290	10	10	0	0	1m	100	1	8012
m	463	275	10	10	0	0	1m	100	1	8012
m	470	243	10	10	0	0	1m	100	1	8012
m	443	223	10	10	0	0	1m	100	1	8012
m	437	191	10	10	0	0	1m	100	1	8012
m	465	179	10	10	0	0	1m	100	1	8012
m	461	198	10	10	0	0	1m	100	1	8012
m	458	217	10	10	0	0	1m	100	1	8012
m	470	186	10	10	0	0	1m	100	1	8012
m	485	191	10	10	0	0	1m	100	1	8012
m	484	208	10	10	0	0	1m	100	1	8012
m	471	219	10	10	0	0	1m	100	1	8012
m	489	222	10	10	0	0	1m	100	1	8012
m	420	240	10	10	0	0	1m	100	1	8012
m	499	169	10	10	0	0	1m	100	1	8013
m	538	172	10	10	0	0	1m	100	1	8013
m	517	184	10	10	0	0	1m	100	1	8013
m	563	172	10	10	0	0	1m	100	1	8013
m	583	169	10	10	0	0	1m	100	1	8013
m	554	184	10	10	0	0	1m	100	1	8013
m	615	164	10	10	0	0	1m	100	1	8013
m	640	153	10	10	0	0	1m	100	1	8013
m	647	169	10	10	0	0	1m	100	1	8013
m	613	176	10	10	0	0	1m	100	1	8013
m	608	186	10	10	0	0	1m	100	1	8013
m	646	195	10	10	0	0	1m	100	1	8013
m	637	171	10	10	0	0	1m	100	1	8013
m	629	192	10	10	0	0	1m	100	1	8013
m	619	206	10	10	0	0	1m	100	1	8013
m	626	176	10	10	0	0	1m	100	1	8013
m	603	151	10	10	0	0	1m	100	1	8013
m	603	179	10	10	0	0	1m	100	1	8013
m	625	117	10	10	0	0	1m	100	1	8014
m	623	89	10	10	0	0	1m	100	1	8014
m	648	74	10	10	0	0	1m	100	1	8014
m	634	89	10	10	0	0	1m	100	1	8014
m	667	83	10	10	0	0	1m	100	1	8014
m	686	78	10	10	0	0	1m	100	1	8014
m	689	36	10	10	0	0	1m	100	1	8014
m	702	50	10	10	0	0	1m	100	1	8014
m	701	68	10	10	0	0	1m	100	1	8014
m	694	72	10	10	0	0	1m	100	1	8014
m	690	56	10	10	0	0	1m	100	1	8014
m	675	68	10	10	0	0	1m	100	1	8014
m	677	84	10	10	0	0	1m	100	1	8014
m	696	30	10	10	0	0	1m	100	1	8014
m	396	464	10	10	0	0	1m	100	1	8067
m	407	453	10	10	0	0	1m	100	1	8067
m	393	483	10	10	0	0	1m	100	1	8067
m	402	491	10	10	0	0	1m	100	1	8067
m	397	514	10	10	0	0	1m	100	1	8067
m	414	526	10	10	0	0	1m	100	1	8067
m	397	551	10	10	0	0	1m	100	1	8067
m	412	581	10	10	0	0	1m	100	1	8067
m	415	549	10	10	0	0	1m	100	1	8067
m	424	534	10	10	0	0	1m	100	1	8067
m	442	534	10	10	0	0	1m	100	1	8067
m	426	552	10	10	0	0	1m	100	1	8067
m	424	585	10	10	0	0	1m	100	1	8067
m	440	592	10	10	0	0	1m	100	1	8067
m	440	568	10	10	0	0	1m	100	1	8067
m	443	554	10	10	0	0	1m	100	1	8067
m	452	547	10	10	0	0	1m	100	1	8067
m	464	554	10	10	0	0	1m	100	1	8067
m	457	569	10	10	0	0	1m	100	1	8067
m	453	586	10	10	0	0	1m	100	1	8067
m	460	521	10	10	0	0	1m	100	1	8067
m	474	509	10	10	0	0	1m	100	1	8067
m	483	564	10	10	0	0	1m	100	1	8026
m	504	563	10	10	0	0	1m	100	1	8026
m	495	580	10	10	0	0	1m	100	1	8026
m	507	594	10	10	0	0	1m	100	1	8026
m	491	612	10	10	0	0	1m	100	1	8026
m	505	611	10	10	0	0	1m	100	1	8026
m	494	635	10	10	0	0	1m	100	1	8026
m	508	645	10	10	0	0	1m	100	1	8026
m	489	659	10	10	0	0	1m	100	1	8026
m	468	649	10	10	0	0	1m	100	1	8026
m	457	661	10	10	0	0	1m	100	1	8026
m	439	655	10	10	0	0	1m	100	1	8026
m	413	656	10	10	0	0	1m	100	1	8026
m	398	648	10	10	0	0	1m	100	1	8026
m	400	660	10	10	0	0	1m	100	1	8026
m	387	656	10	10	0	0	1m	100	1	8027
m	367	658	10	10	0	0	1m	100	1	8027
m	361	641	10	10	0	0	1m	100	1	8027
m	353	624	10	10	0	0	1m	100	1	8027
m	331	624	10	10	0	0	1m	100	1	8027
m	320	636	10	10	0	0	1m	100	1	8027
m	311	656	10	10	0	0	1m	100	1	8027
m	312	675	10	10	0	0	1m	100	1	8027
m	326	680	10	10	0	0	1m	100	1	8027
m	351	682	10	10	0	0	1m	100	1	8027
m	360	670	10	10	0	0	1m	100	1	8027
m	332	659	10	10	0	0	1m	100	1	8027
m	337	648	10	10	0	0	1m	100	1	8027
m	351	650	10	10	0	0	1m	100	1	8027
m	345	668	10	10	0	0	1m	100	1	8027
m	335	698	10	10	0	0	1m	100	1	8027
m	337	719	10	10	0	0	1m	100	1	8027
m	328	731	10	10	0	0	1m	100	1	8027
m	341	736	10	10	0	0	1m	100	1	8027
