m	1	3	10	10	0	0	1m	100	1	8052
m	396	453	10	10	0	0	1m	100	1	8055
m	406	462	10	10	0	0	1m	100	1	8055
m	401	496	10	10	0	0	1m	100	1	8055
m	396	481	10	10	0	0	1m	100	1	8055
m	399	546	10	10	0	0	1m	100	1	8055
m	403	523	10	10	0	0	1m	100	1	8055
m	424	533	10	10	0	0	1m	100	1	8055
m	401	558	10	10	0	0	1m	100	1	8055
m	415	583	10	10	0	0	1m	100	1	8055
m	420	552	10	10	0	0	1m	100	1	8055
m	446	541	10	10	0	0	1m	100	1	8055
m	462	532	10	10	0	0	1m	100	1	8055
m	459	553	10	10	0	0	1m	100	1	8055
m	446	569	10	10	0	0	1m	100	1	8055
m	433	589	10	10	0	0	1m	100	1	8055
m	431	566	10	10	0	0	1m	100	1	8055
m	471	562	10	10	0	0	1m	100	1	8055
m	486	569	10	10	0	0	1m	100	1	8055
m	503	566	10	10	0	0	1m	100	1	8055
m	492	604	10	10	0	0	1m	100	1	8052
m	510	599	10	10	0	0	1m	100	1	8052
m	498	624	10	10	0	0	1m	100	1	8052
m	502	644	10	10	0	0	1m	100	1	8052
m	486	657	10	10	0	0	1m	100	1	8052
m	464	657	10	10	0	0	1m	100	1	8052
m	439	653	10	10	0	0	1m	100	1	8052
m	406	656	10	10	0	0	1m	100	1	8052
m	372	657	10	10	0	0	1m	100	1	8052
m	343	648	10	10	0	0	1m	100	1	8052
m	342	632	10	10	0	0	1m	100	1	8052
m	310	648	10	10	0	0	1m	100	1	8052
m	309	673	10	10	0	0	1m	100	1	8052
m	336	676	10	10	0	0	1m	100	1	8052
m	320	654	10	10	0	0	1m	100	1	8052
m	359	664	10	10	0	0	1m	100	1	8052
m	344	683	10	10	0	0	1m	100	1	8052
m	334	704	10	10	0	0	1m	100	1	8052
m	340	732	10	10	0	0	1m	100	1	8052
m	326	738	10	10	0	0	1m	100	1	8052
m	336	723	10	10	0	0	1m	100	1	8052
m	359	643	10	10	0	0	1m	100	1	8052
m	326	630	10	10	0	0	1m	100	1	8052
m	329	314	10	10	0	0	1m	100	1	8059
m	314	329	10	10	0	0	1m	100	1	8059
m	311	308	10	10	0	0	1m	100	1	8059
m	281	300	10	10	0	0	1m	100	1	8059
m	241	304	10	10	0	0	1m	100	1	8059
m	256	307	10	10	0	0	1m	100	1	8059
m	227	318	10	10	0	0	1m	100	1	8059
m	223	333	10	10	0	0	1m	100	1	8059
m	193	329	10	10	0	0	1m	100	1	8059
m	176	304	10	10	0	0	1m	100	1	8059
m	186	281	10	10	0	0	1m	100	1	8059
m	211	267	10	10	0	0	1m	100	1	8059
m	210	286	10	10	0	0	1m	100	1	8059
m	192	305	10	10	0	0	1m	100	1	8059
m	208	313	10	10	0	0	1m	100	1	8059
m	224	283	10	10	0	0	1m	100	1	8059
m	241	283	10	10	0	0	1m	100	1	8059
m	209	251	10	10	0	0	1m	100	1	8059
m	219	248	10	10	0	0	1m	100	1	8059
m	208	221	10	10	0	0	1m	100	1	8059
m	229	200	10	10	0	0	1m	100	1	8061
m	238	176	10	10	0	0	1m	100	1	8061
m	213	152	10	10	0	0	1m	100	1	8061
m	181	148	10	10	0	0	1m	100	1	8061
m	166	173	10	10	0	0	1m	100	1	8061
m	127	176	10	10	0	0	1m	100	1	8061
m	180	181	10	10	0	0	1m	100	1	8061
m	191	169	10	10	0	0	1m	100	1	8061
m	219	169	10	10	0	0	1m	100	1	8061
m	206	180	10	10	0	0	1m	100	1	8061
m	193	195	10	10	0	0	1m	100	1	8061
m	193	215	10	10	0	0	1m	100	1	8061
m	208	203	10	10	0	0	1m	100	1	8061
m	218	185	10	10	0	0	1m	100	1	8061
m	148	176	10	10	0	0	1m	100	1	8061
m	124	131	10	10	0	0	1m	100	1	8053
m	111	131	10	10	0	0	1m	100	1	8053
m	111	108	10	10	0	0	1m	100	1	8053
m	121	82	10	10	0	0	1m	100	1	8053
m	97	79	10	10	0	0	1m	100	1	8053
m	72	67	10	10	0	0	1m	100	1	8053
m	68	40	10	10	0	0	1m	100	1	8053
m	85	32	10	10	0	0	1m	100	1	8053
m	83	44	10	10	0	0	1m	100	1	8053
m	82	71	10	10	0	0	1m	100	1	8053
m	80	83	10	10	0	0	1m	100	1	8053
m	106	99	10	10	0	0	1m	100	1	8053
m	116	91	10	10	0	0	1m	100	1	8053
m	99	169	10	10	0	0	1m	100	1	8053
m	118	156	10	10	0	0	1m	100	1	8053
m	99	119	10	10	0	0	1m	100	1	8053
m	414	323	10	10	0	0	1m	100	1	8051
m	430	334	10	10	0	0	1m	100	1	8051
m	444	319	10	10	0	0	1m	100	1	8051
m	458	312	10	10	0	0	1m	100	1	8051
m	461	286	10	10	0	0	1m	100	1	8051
m	459	257	10	10	0	0	1m	100	1	8051
m	473	241	10	10	0	0	1m	100	1	8051
m	438	228	10	10	0	0	1m	100	1	8051
m	386	256	10	10	0	0	1m	100	1	8051
m	415	241	10	10	0	0	1m	100	1	8051
m	429	212	10	10	0	0	1m	100	1	8051
m	439	189	10	10	0	0	1m	100	1	8051
m	453	182	10	10	0	0	1m	100	1	8051
m	463	203	10	10	0	0	1m	100	1	8051
m	449	215	10	10	0	0	1m	100	1	8051
m	461	227	10	10	0	0	1m	100	1	8051
m	485	226	10	10	0	0	1m	100	1	8051
m	492	209	10	10	0	0	1m	100	1	8051
m	492	198	10	10	0	0	1m	100	1	8056
m	476	181	10	10	0	0	1m	100	1	8056
m	503	176	10	10	0	0	1m	100	1	8056
m	525	173	10	10	0	0	1m	100	1	8056
m	548	166	10	10	0	0	1m	100	1	8056
m	555	176	10	10	0	0	1m	100	1	8056
m	532	179	10	10	0	0	1m	100	1	8056
m	562	180	10	10	0	0	1m	100	1	8056
m	594	168	10	10	0	0	1m	100	1	8056
m	573	172	10	10	0	0	1m	100	1	8056
m	586	179	10	10	0	0	1m	100	1	8056
m	598	193	10	10	0	0	1m	100	1	8056
m	610	205	10	10	0	0	1m	100	1	8056
m	606	179	10	10	0	0	1m	100	1	8056
m	606	161	10	10	0	0	1m	100	1	8056
m	597	156	10	10	0	0	1m	100	1	8056
m	613	148	10	10	0	0	1m	100	1	8056
m	628	199	10	10	0	0	1m	100	1	8054
m	619	191	10	10	0	0	1m	100	1	8054
m	621	171	10	10	0	0	1m	100	1	8054
m	628	154	10	10	0	0	1m	100	1	8054
m	642	160	10	10	0	0	1m	100	1	8054
m	637	175	10	10	0	0	1m	100	1	8054
m	631	185	10	10	0	0	1m	100	1	8054
m	651	189	10	10	0	0	1m	100	1	8054
m	652	167	10	10	0	0	1m	100	1	8054
m	617	160	10	10	0	0	1m	100	1	8054
m	626	133	10	10	0	0	1m	100	1	8054
m	619	116	10	10	0	0	1m	100	1	8054
m	628	110	10	10	0	0	1m	100	1	8054
m	618	89	10	10	0	0	1m	100	1	8054
m	628	74	10	10	0	0	1m	100	1	8054
m	644	77	10	10	0	0	1m	100	1	8054
m	634	84	10	10	0	0	1m	100	1	8054
m	653	82	10	10	0	0	1m	100	1	8054
m	668	83	10	10	0	0	1m	100	1	8054
m	685	79	10	10	0	0	1m	100	1	8054
m	693	68	10	10	0	0	1m	100	1	8054
m	684	57	10	10	0	0	1m	100	1	8054
m	687	37	10	10	0	0	1m	100	1	8054
m	686	27	10	10	0	0	1m	100	1	8054
m	698	29	10	10	0	0	1m	100	1	8054
m	695	50	10	10	0	0	1m	100	1	8054
