g	360	328	10	10	0	0	1m	100	1	20049
g	349	337	10	10	0	0	1m	100	1	20049
g	340	348	10	10	0	0	1m	100	1	20049
g	327	358	10	10	0	0	1m	100	1	20049
g	317	344	10	10	0	0	1m	100	1	20049
g	325	334	10	10	0	0	1m	100	1	20049
g	333	324	10	10	0	0	1m	100	1	20049
g	325	308	10	10	0	0	1m	100	1	20049
g	318	314	10	10	0	0	1m	100	1	20049
g	304	321	10	10	0	0	1m	100	1	20049
g	293	311	10	10	0	0	1m	100	1	20049
g	302	303	10	10	0	0	1m	100	1	20049
g	284	300	10	10	0	0	1m	100	1	20049
g	274	307	10	10	0	0	1m	100	1	20049
g	265	302	10	10	0	0	1m	100	1	20050
g	246	307	10	10	0	0	1m	100	1	20050
g	227	319	10	10	0	0	1m	100	1	20050
g	234	323	10	10	0	0	1m	100	1	20050
g	226	333	10	10	0	0	1m	100	1	20050
g	230	343	10	10	0	0	1m	100	1	20050
g	240	328	10	10	0	0	1m	100	1	20050
g	232	308	10	10	0	0	1m	100	1	20050
g	240	294	10	10	0	0	1m	100	1	20050
g	244	280	10	10	0	0	1m	100	1	20050
g	229	280	10	10	0	0	1m	100	1	20050
g	231	293	10	10	0	0	1m	100	1	20050
g	221	306	10	10	0	0	1m	100	1	20050
g	237	349	10	10	0	0	1m	100	1	20050
g	239	366	10	10	0	0	1m	100	1	20050
g	220	279	10	10	0	0	1m	100	1	20050
g	212	288	10	10	0	0	1m	100	1	20050
g	210	302	10	10	0	0	1m	100	1	20050
g	205	323	10	10	0	0	1m	100	1	20050
g	201	338	10	10	0	0	1m	100	1	20050
g	186	330	10	10	0	0	1m	100	1	20051
g	191	319	10	10	0	0	1m	100	1	20051
g	196	306	10	10	0	0	1m	100	1	20051
g	200	288	10	10	0	0	1m	100	1	20051
g	202	267	10	10	0	0	1m	100	1	20051
g	185	277	10	10	0	0	1m	100	1	20051
g	185	294	10	10	0	0	1m	100	1	20051
g	182	308	10	10	0	0	1m	100	1	20051
g	183	323	10	10	0	0	1m	100	1	20051
g	212	268	10	10	0	0	1m	100	1	20051
g	221	259	10	10	0	0	1m	100	1	20051
g	204	254	10	10	0	0	1m	100	1	20051
g	203	238	10	10	0	0	1m	100	1	20051
g	213	224	10	10	0	0	1m	100	1	20051
g	228	213	10	10	0	0	1m	100	1	20051
g	192	219	10	10	0	0	1m	100	1	20051
g	184	204	10	10	0	0	1m	100	1	20051
g	194	205	10	10	0	0	1m	100	1	20052
g	210	208	10	10	0	0	1m	100	1	20052
g	229	197	10	10	0	0	1m	100	1	20052
g	237	185	10	10	0	0	1m	100	1	20052
g	240	171	10	10	0	0	1m	100	1	20052
g	234	160	10	10	0	0	1m	100	1	20052
g	218	153	10	10	0	0	1m	100	1	20052
g	195	152	10	10	0	0	1m	100	1	20052
g	177	167	10	10	0	0	1m	100	1	20052
g	163	177	10	10	0	0	1m	100	1	20052
g	183	183	10	10	0	0	1m	100	1	20052
g	189	166	10	10	0	0	1m	100	1	20052
g	206	162	10	10	0	0	1m	100	1	20052
g	226	166	10	10	0	0	1m	100	1	20052
g	229	178	10	10	0	0	1m	100	1	20052
g	214	193	10	10	0	0	1m	100	1	20052
g	196	191	10	10	0	0	1m	100	1	20052
g	198	170	10	10	0	0	1m	100	1	20052
g	211	170	10	10	0	0	1m	100	1	20052
g	204	180	10	10	0	0	1m	100	1	20052
g	170	181	10	10	0	0	1m	100	1	20053
g	146	185	10	10	0	0	1m	100	1	20053
g	151	175	10	10	0	0	1m	100	1	20053
g	126	174	10	10	0	0	1m	100	1	20053
g	119	180	10	10	0	0	1m	100	1	20053
g	129	186	10	10	0	0	1m	100	1	20053
g	136	173	10	10	0	0	1m	100	1	20053
g	106	163	10	10	0	0	1m	100	1	20053
g	98	174	10	10	0	0	1m	100	1	20053
g	114	175	10	10	0	0	1m	100	1	20053
g	115	158	10	10	0	0	1m	100	1	20053
g	103	145	10	10	0	0	1m	100	1	20053
g	113	137	10	10	0	0	1m	100	1	20053
g	118	144	10	10	0	0	1m	100	1	20053
g	105	150	10	10	0	0	1m	100	1	20053
g	101	128	10	10	0	0	1m	100	1	20053
g	112	114	10	10	0	0	1m	100	1	20053
g	114	103	10	10	0	0	1m	100	1	20053
g	118	124	10	10	0	0	1m	100	1	20053
g	107	126	10	10	0	0	1m	100	1	20053
g	103	117	10	10	0	0	1m	100	1	20053
g	108	106	10	10	0	0	1m	100	1	20053
g	110	89	10	10	0	0	1m	100	1	20053
g	118	86	10	10	0	0	1m	100	1	20053
g	120	74	10	10	0	0	1m	100	1	20054
g	94	74	10	10	0	0	1m	100	1	20054
g	86	78	10	10	0	0	1m	100	1	20054
g	84	87	10	10	0	0	1m	100	1	20054
g	101	80	10	10	0	0	1m	100	1	20054
g	78	65	10	10	0	0	1m	100	1	20054
g	78	47	10	10	0	0	1m	100	1	20054
g	68	41	10	10	0	0	1m	100	1	20054
g	67	30	10	10	0	0	1m	100	1	20054
g	80	26	10	10	0	0	1m	100	1	20054
g	93	31	10	10	0	0	1m	100	1	20054
g	91	40	10	10	0	0	1m	100	1	20054
g	77	35	10	10	0	0	1m	100	1	20054
g	89	34	10	10	0	0	1m	100	1	20054
g	97	34	10	10	0	0	1m	100	1	20054
g	66	46	10	10	0	0	1m	100	1	20054
g	60	36	10	10	0	0	1m	100	1	20054
g	83	48	10	10	0	0	1m	100	1	20054
g	88	42	10	10	0	0	1m	100	1	20054
g	77	76	10	10	0	0	1m	100	1	20054
g	80	55	10	10	0	0	1m	100	1	20054
g	153	188	10	10	0	0	1m	100	1	20055
g	169	167	10	10	0	0	1m	100	1	20055
g	107	174	10	10	0	0	1m	100	1	20055
g	124	168	10	10	0	0	1m	100	1	20055
g	111	145	10	10	0	0	1m	100	1	20055
g	121	134	10	10	0	0	1m	100	1	20055
g	117	95	10	10	0	0	1m	100	1	20055
g	108	73	10	10	0	0	1m	100	1	20055
g	86	20	10	10	0	0	1m	100	1	20055
g	71	20	10	10	0	0	1m	100	1	20055
g	61	26	10	10	0	0	1m	100	1	20055
g	61	41	10	10	0	0	1m	100	1	20055
g	95	39	10	10	0	0	1m	100	1	20055
g	69	54	10	10	0	0	1m	100	1	20055
g	412	324	10	10	0	0	1m	100	1	20047
g	431	340	10	10	0	0	1m	100	1	20047
g	421	329	10	10	0	0	1m	100	1	20047
g	428	321	10	10	0	0	1m	100	1	20047
g	436	321	10	10	0	0	1m	100	1	20047
g	433	330	10	10	0	0	1m	100	1	20047
g	448	327	10	10	0	0	1m	100	1	20047
g	441	315	10	10	0	0	1m	100	1	20047
g	452	306	10	10	0	0	1m	100	1	20047
g	456	306	10	10	0	0	1m	100	1	20047
g	454	316	10	10	0	0	1m	100	1	20047
g	454	324	10	10	0	0	1m	100	1	20047
g	465	315	10	10	0	0	1m	100	1	20047
g	469	303	10	10	0	0	1m	100	1	20047
g	462	298	10	10	0	0	1m	100	1	20047
g	464	287	10	10	0	0	1m	100	1	20047
g	470	291	10	10	0	0	1m	100	1	20047
g	460	275	10	10	0	0	1m	100	1	20047
g	469	273	10	10	0	0	1m	100	1	20047
g	469	264	10	10	0	0	1m	100	1	20047
g	463	266	10	10	0	0	1m	100	1	20047
g	462	251	10	10	0	0	1m	100	1	20048
g	471	245	10	10	0	0	1m	100	1	20048
g	489	234	10	10	0	0	1m	100	1	20048
g	497	220	10	10	0	0	1m	100	1	20048
g	475	219	10	10	0	0	1m	100	1	20048
g	451	221	10	10	0	0	1m	100	1	20048
g	432	217	10	10	0	0	1m	100	1	20048
g	443	229	10	10	0	0	1m	100	1	20048
g	438	234	10	10	0	0	1m	100	1	20048
g	422	238	10	10	0	0	1m	100	1	20048
g	411	244	10	10	0	0	1m	100	1	20048
g	399	250	10	10	0	0	1m	100	1	20048
g	381	256	10	10	0	0	1m	100	1	20048
g	447	234	10	10	0	0	1m	100	1	20048
g	459	240	10	10	0	0	1m	100	1	20048
g	456	228	10	10	0	0	1m	100	1	20048
g	469	226	10	10	0	0	1m	100	1	20048
g	479	236	10	10	0	0	1m	100	1	20048
g	461	212	10	10	0	0	1m	100	1	20056
g	441	205	10	10	0	0	1m	100	1	20056
g	448	186	10	10	0	0	1m	100	1	20056
g	460	181	10	10	0	0	1m	100	1	20056
g	453	197	10	10	0	0	1m	100	1	20056
g	465	203	10	10	0	0	1m	100	1	20056
g	480	207	10	10	0	0	1m	100	1	20056
g	496	209	10	10	0	0	1m	100	1	20056
g	498	200	10	10	0	0	1m	100	1	20056
g	492	192	10	10	0	0	1m	100	1	20056
g	475	195	10	10	0	0	1m	100	1	20057
g	486	197	10	10	0	0	1m	100	1	20057
g	465	189	10	10	0	0	1m	100	1	20057
g	472	177	10	10	0	0	1m	100	1	20057
g	491	175	10	10	0	0	1m	100	1	20057
g	481	182	10	10	0	0	1m	100	1	20057
g	498	184	10	10	0	0	1m	100	1	20057
g	501	173	10	10	0	0	1m	100	1	20057
g	514	168	10	10	0	0	1m	100	1	20057
g	507	175	10	10	0	0	1m	100	1	20057
g	521	179	10	10	0	0	1m	100	1	20057
g	519	170	10	10	0	0	1m	100	1	20057
g	530	168	10	10	0	0	1m	100	1	20057
g	526	179	10	10	0	0	1m	100	1	20057
g	550	168	10	10	0	0	1m	100	1	20058
g	541	177	10	10	0	0	1m	100	1	20058
g	556	184	10	10	0	0	1m	100	1	20058
g	555	171	10	10	0	0	1m	100	1	20058
g	567	168	10	10	0	0	1m	100	1	20058
g	560	182	10	10	0	0	1m	100	1	20058
g	583	174	10	10	0	0	1m	100	1	20058
g	590	163	10	10	0	0	1m	100	1	20058
g	600	153	10	10	0	0	1m	100	1	20058
g	601	169	10	10	0	0	1m	100	1	20058
g	601	181	10	10	0	0	1m	100	1	20058
g	597	193	10	10	0	0	1m	100	1	20058
g	614	205	10	10	0	0	1m	100	1	20058
g	628	206	10	10	0	0	1m	100	1	20058
g	639	195	10	10	0	0	1m	100	1	20058
g	650	188	10	10	0	0	1m	100	1	20058
g	652	174	10	10	0	0	1m	100	1	20058
g	655	163	10	10	0	0	1m	100	1	20058
g	648	161	10	10	0	0	1m	100	1	20058
g	641	176	10	10	0	0	1m	100	1	20058
g	629	188	10	10	0	0	1m	100	1	20058
g	614	183	10	10	0	0	1m	100	1	20058
g	608	166	10	10	0	0	1m	100	1	20058
g	624	179	10	10	0	0	1m	100	1	20058
g	625	175	10	10	0	0	1m	100	1	20058
g	619	156	10	10	0	0	1m	100	1	30301
g	628	161	10	10	0	0	1m	100	1	30301
g	635	150	10	10	0	0	1m	100	1	30301
g	624	144	10	10	0	0	1m	100	1	30301
g	626	126	10	10	0	0	1m	100	1	30301
g	631	116	10	10	0	0	1m	100	1	30301
g	619	108	10	10	0	0	1m	100	1	30301
g	618	90	10	10	0	0	1m	100	1	30301
g	628	80	10	10	0	0	1m	100	1	30301
g	636	78	10	10	0	0	1m	100	1	30301
g	629	90	10	10	0	0	1m	100	1	30301
g	632	105	10	10	0	0	1m	100	1	30301
g	641	78	10	10	0	0	1m	100	1	30301
g	659	76	10	10	0	0	1m	100	1	30301
g	651	83	10	10	0	0	1m	100	1	30301
g	669	85	10	10	0	0	1m	100	1	30301
g	672	75	10	10	0	0	1m	100	1	30301
g	695	74	10	10	0	0	1m	100	1	30301
g	683	84	10	10	0	0	1m	100	1	30301
g	686	76	10	10	0	0	1m	100	1	30301
g	691	85	10	10	0	0	1m	100	1	30301
g	690	56	10	10	0	0	1m	100	1	30301
g	686	62	10	10	0	0	1m	100	1	30301
g	701	59	10	10	0	0	1m	100	1	30301
g	699	46	10	10	0	0	1m	100	1	30301
g	700	30	10	10	0	0	1m	100	1	30301
g	694	26	10	10	0	0	1m	100	1	30301
g	684	32	10	10	0	0	1m	100	1	30301
g	685	40	10	10	0	0	1m	100	1	30301
g	694	34	10	10	0	0	1m	100	1	30301
g	693	43	10	10	0	0	1m	100	1	30301
g	690	52	10	10	0	0	1m	100	1	30301
g	695	61	10	10	0	0	1m	100	1	30301
g	694	69	10	10	0	0	1m	100	1	30301
g	643	70	10	10	0	0	1m	100	1	30301
g	619	81	10	10	0	0	1m	100	1	30301
g	618	99	10	10	0	0	1m	100	1	30301
g	688	90	10	10	0	0	1m	100	1	30301
g	705	67	10	10	0	0	1m	100	1	30301
g	659	87	10	10	0	0	1m	100	1	30301
g	377	443	10	10	0	0	1m	100	1	30304
g	394	445	10	10	0	0	1m	100	1	30304
g	411	440	10	10	0	0	1m	100	1	30304
g	395	455	10	10	0	0	1m	100	1	30304
g	385	466	10	10	0	0	1m	100	1	30304
g	404	459	10	10	0	0	1m	100	1	30304
g	399	475	10	10	0	0	1m	100	1	30304
g	388	495	10	10	0	0	1m	100	1	30304
g	405	488	10	10	0	0	1m	100	1	30304
g	401	505	10	10	0	0	1m	100	1	30304
g	404	520	10	10	0	0	1m	100	1	30304
g	397	534	10	10	0	0	1m	100	1	30304
g	399	546	10	10	0	0	1m	100	1	30304
g	418	533	10	10	0	0	1m	100	1	30304
g	421	526	10	10	0	0	1m	100	1	30304
g	406	535	10	10	0	0	1m	100	1	30304
g	397	521	10	10	0	0	1m	100	1	30304
g	406	508	10	10	0	0	1m	100	1	30304
g	396	502	10	10	0	0	1m	100	1	30304
g	391	482	10	10	0	0	1m	100	1	30304
g	388	452	10	10	0	0	1m	100	1	30304
g	436	531	10	10	0	0	1m	100	1	30304
g	427	547	10	10	0	0	1m	100	1	30305
g	410	559	10	10	0	0	1m	100	1	30305
g	396	581	10	10	0	0	1m	100	1	30305
g	417	589	10	10	0	0	1m	100	1	30305
g	416	572	10	10	0	0	1m	100	1	30305
g	421	559	10	10	0	0	1m	100	1	30305
g	431	560	10	10	0	0	1m	100	1	30305
g	428	577	10	10	0	0	1m	100	1	30305
g	429	590	10	10	0	0	1m	100	1	30305
g	453	593	10	10	0	0	1m	100	1	30305
g	461	586	10	10	0	0	1m	100	1	30305
g	441	577	10	10	0	0	1m	100	1	30305
g	444	559	10	10	0	0	1m	100	1	30305
g	461	559	10	10	0	0	1m	100	1	30305
g	462	570	10	10	0	0	1m	100	1	30305
g	452	576	10	10	0	0	1m	100	1	30305
g	443	589	10	10	0	0	1m	100	1	30305
g	446	542	10	10	0	0	1m	100	1	30305
g	452	530	10	10	0	0	1m	100	1	30305
g	458	535	10	10	0	0	1m	100	1	30305
g	454	549	10	10	0	0	1m	100	1	30305
g	461	523	10	10	0	0	1m	100	1	30305
g	470	515	10	10	0	0	1m	100	1	30305
g	482	504	10	10	0	0	1m	100	1	30305
g	489	494	10	10	0	0	1m	100	1	30305
g	471	566	10	10	0	0	1m	100	1	30305
g	434	568	10	10	0	0	1m	100	1	30305
g	401	569	10	10	0	0	1m	100	1	30305
g	482	568	10	10	0	0	1m	100	1	30302
g	497	561	10	10	0	0	1m	100	1	30302
g	499	574	10	10	0	0	1m	100	1	30302
g	489	581	10	10	0	0	1m	100	1	30302
g	504	587	10	10	0	0	1m	100	1	30302
g	500	605	10	10	0	0	1m	100	1	30302
g	495	613	10	10	0	0	1m	100	1	30302
g	507	612	10	10	0	0	1m	100	1	30302
g	502	625	10	10	0	0	1m	100	1	30302
g	494	634	10	10	0	0	1m	100	1	30302
g	494	644	10	10	0	0	1m	100	1	30302
g	504	645	10	10	0	0	1m	100	1	30302
g	506	655	10	10	0	0	1m	100	1	30302
g	491	661	10	10	0	0	1m	100	1	30302
g	476	655	10	10	0	0	1m	100	1	30302
g	455	654	10	10	0	0	1m	100	1	30302
g	457	663	10	10	0	0	1m	100	1	30302
g	464	660	10	10	0	0	1m	100	1	30302
g	463	649	10	10	0	0	1m	100	1	30302
g	487	649	10	10	0	0	1m	100	1	30302
g	435	654	10	10	0	0	1m	100	1	30302
g	448	666	10	10	0	0	1m	100	1	30302
g	445	652	10	10	0	0	1m	100	1	30302
g	432	659	10	10	0	0	1m	100	1	30303
g	398	657	10	10	0	0	1m	100	1	30303
g	381	655	10	10	0	0	1m	100	1	30303
g	411	653	10	10	0	0	1m	100	1	30303
g	420	659	10	10	0	0	1m	100	1	30303
g	405	661	10	10	0	0	1m	100	1	30303
g	366	663	10	10	0	0	1m	100	1	30303
g	362	682	10	10	0	0	1m	100	1	30303
g	344	688	10	10	0	0	1m	100	1	30303
g	322	685	10	10	0	0	1m	100	1	30303
g	305	668	10	10	0	0	1m	100	1	30303
g	301	655	10	10	0	0	1m	100	1	30303
g	311	637	10	10	0	0	1m	100	1	30303
g	323	624	10	10	0	0	1m	100	1	30303
g	341	621	10	10	0	0	1m	100	1	30303
g	364	631	10	10	0	0	1m	100	1	30303
g	359	640	10	10	0	0	1m	100	1	30303
g	338	636	10	10	0	0	1m	100	1	30303
g	316	645	10	10	0	0	1m	100	1	30303
g	321	662	10	10	0	0	1m	100	1	30303
g	340	675	10	10	0	0	1m	100	1	30303
g	333	645	10	10	0	0	1m	100	1	30303
g	354	643	10	10	0	0	1m	100	1	30303
g	357	657	10	10	0	0	1m	100	1	30303
g	346	667	10	10	0	0	1m	100	1	30303
g	338	655	10	10	0	0	1m	100	1	30303
g	348	654	10	10	0	0	1m	100	1	30303
g	332	666	10	10	0	0	1m	100	1	30303
g	357	675	10	10	0	0	1m	100	1	30303
g	340	713	10	10	0	0	1m	100	1	30303
g	332	705	10	10	0	0	1m	100	1	30303
g	350	708	10	10	0	0	1m	100	1	30303
g	332	725	10	10	0	0	1m	100	1	30303
g	327	733	10	10	0	0	1m	100	1	30303
g	339	739	10	10	0	0	1m	100	1	30303
g	345	735	10	10	0	0	1m	100	1	30303
g	340	726	10	10	0	0	1m	100	1	30303
g	334	737	10	10	0	0	1m	100	1	30303
g	337	715	10	10	0	0	1m	100	1	30303
g	384	330	10	10	0	0	1m	100	1	20047
g	361	339	10	10	0	0	1m	100	1	20047
g	338	361	10	10	0	0	1m	100	1	20047
g	328	386	10	10	0	0	1m	100	1	20047
g	332	410	10	10	0	0	1m	100	1	20047
g	344	428	10	10	0	0	1m	100	1	20047
g	362	433	10	10	0	0	1m	100	1	20047
g	350	412	10	10	0	0	1m	100	1	20047
g	349	395	10	10	0	0	1m	100	1	20047
g	353	370	10	10	0	0	1m	100	1	20047
g	361	354	10	10	0	0	1m	100	1	20047
g	384	345	10	10	0	0	1m	100	1	20047
g	397	348	10	10	0	0	1m	100	1	20047
g	414	365	10	10	0	0	1m	100	1	20047
g	419	380	10	10	0	0	1m	100	1	20047
g	417	403	10	10	0	0	1m	100	1	20047
g	402	419	10	10	0	0	1m	100	1	20047
g	390	425	10	10	0	0	1m	100	1	20047
g	429	428	10	10	0	0	1m	100	1	20047
g	435	411	10	10	0	0	1m	100	1	20047
g	434	390	10	10	0	0	1m	100	1	20047
g	433	372	10	10	0	0	1m	100	1	20047
g	426	355	10	10	0	0	1m	100	1	20047
g	414	343	10	10	0	0	1m	100	1	20047
g	400	330	10	10	0	0	1m	100	1	20047
g	392	327	10	10	0	0	1m	100	1	20047
g	333	428	10	10	0	0	1m	100	1	20047
g	325	401	10	10	0	0	1m	100	1	20047
g	363	441	10	10	0	0	1m	100	1	20047
g	422	421	10	10	0	0	1m	100	1	20047
g	364	410	10	10	0	0	1m	100	1	20047
g	377	335	10	10	0	0	1m	100	1	20047
g	439	363	10	10	0	0	1m	100	1	20047
