m	489	191	10	10	0	0	1m	100	1	5001
m	583	220	10	10	0	0	1m	100	1	5001
m	514	274	10	10	0	0	1m	100	1	5001
m	429	351	10	10	0	0	1m	100	1	5001
m	663	360	10	10	0	0	1m	100	1	5001
m	760	411	10	10	0	0	1m	100	1	5001
m	797	251	10	10	0	0	1m	100	1	5001
m	1043	240	10	10	0	0	1m	100	1	5001
m	1026	297	10	10	0	0	1m	100	1	5001
m	1066	437	10	10	0	0	1m	100	1	5001
m	914	283	10	10	0	0	1m	100	1	5001
m	980	217	10	10	0	0	1m	100	1	5001
m	1100	214	10	10	0	0	1m	100	1	5001
m	1214	326	10	10	0	0	1m	100	1	5001
m	1180	443	10	10	0	0	1m	100	1	5001
m	1283	351	10	10	0	0	1m	100	1	5001
m	1383	363	10	10	0	0	1m	100	1	5001
m	1306	451	10	10	0	0	1m	100	1	5001
m	1406	514	10	10	0	0	1m	100	1	5001
m	1423	620	10	10	0	0	1m	100	1	5001
m	1329	871	10	10	0	0	1m	100	1	5001
m	1074	877	10	10	0	0	1m	100	1	5001
m	1140	951	10	10	0	0	1m	100	1	5001
m	1063	1071	10	10	0	0	1m	100	1	5001
m	957	1086	10	10	0	0	1m	100	1	5001
m	1094	1226	10	10	0	0	1m	100	1	5001
m	1086	1246	10	10	0	0	1m	100	1	5001
m	940	1257	10	10	0	0	1m	100	1	5001
m	937	1380	10	10	0	0	1m	100	1	5001
m	1283	1323	10	10	0	0	1m	100	1	5001
m	1291	1154	10	10	0	0	1m	100	1	5001
m	766	1171	10	10	0	0	1m	100	1	5001
m	829	1106	10	10	0	0	1m	100	1	5001
m	677	1031	10	10	0	0	1m	100	1	5001
m	557	1077	10	10	0	0	1m	100	1	5001
m	474	1154	10	10	0	0	1m	100	1	5001
m	380	1114	10	10	0	0	1m	100	1	5001
m	311	1006	10	10	0	0	1m	100	1	5001
m	323	780	10	10	0	0	1m	100	1	5001
m	397	866	10	10	0	0	1m	100	1	5001
m	549	946	10	10	0	0	1m	100	1	5001
m	597	831	10	10	0	0	1m	100	1	5001
m	571	689	10	10	0	0	1m	100	1	5001
m	571	577	10	10	0	0	1m	100	1	5001
m	629	414	10	10	0	0	1m	100	1	5001
m	554	394	10	10	0	0	1m	100	1	5001
m	397	411	10	10	0	0	1m	100	1	5001
m	306	446	10	10	0	0	1m	100	1	5001
m	391	620	10	10	0	0	1m	100	1	5001
m	394	626	10	10	0	0	1m	100	1	5001
m	286	674	10	10	0	0	1m	100	1	5001
m	317	840	10	10	0	0	1m	100	1	5001
m	191	920	10	10	0	0	1m	100	1	5001
m	297	1031	10	10	0	0	1m	100	1	5001
m	343	1174	10	10	0	0	1m	100	1	5001
m	240	1214	10	10	0	0	1m	100	1	5001
m	303	1326	10	10	0	0	1m	100	1	5001
m	374	1343	10	10	0	0	1m	100	1	5001
m	480	1260	10	10	0	0	1m	100	1	5001
m	606	1266	10	10	0	0	1m	100	1	5001
m	517	1351	10	10	0	0	1m	100	1	5001
m	823	1289	10	10	0	0	1m	100	1	5001
m	866	1194	10	10	0	0	1m	100	1	5001
m	914	1331	10	10	0	0	1m	100	1	5001
m	1023	1331	10	10	0	0	1m	100	1	5001
m	997	1200	10	10	0	0	1m	100	1	5001
m	934	1157	10	10	0	0	1m	100	1	5001
m	1120	1111	10	10	0	0	1m	100	1	5001
m	1100	1000	10	10	0	0	1m	100	1	5001
m	954	954	10	10	0	0	1m	100	1	5001
m	977	863	10	10	0	0	1m	100	1	5001
m	1003	826	10	10	0	0	1m	100	1	5001
m	860	614	10	10	0	0	1m	100	1	5001
m	937	509	10	10	0	0	1m	100	1	5001
m	1046	503	10	10	0	0	1m	100	1	5001
m	1009	571	10	10	0	0	1m	100	1	5001
m	757	511	10	10	0	0	1m	100	1	5001
m	657	489	10	10	0	0	1m	100	1	5001
m	611	460	10	10	0	0	1m	100	1	5001
m	511	477	10	10	0	0	1m	100	1	5001
m	391	509	10	10	0	0	1m	100	1	5001
m	317	594	10	10	0	0	1m	100	1	5001
m	269	323	10	10	0	0	1m	100	1	5001
m	397	191	10	10	0	0	1m	100	1	5001
m	463	266	10	10	0	0	1m	100	1	5001
m	680	194	10	10	0	0	1m	100	1	5001
m	757	260	10	10	0	0	1m	100	1	5001
m	714	326	10	10	0	0	1m	100	1	5001
m	894	189	10	10	0	0	1m	100	1	5001
m	954	180	10	10	0	0	1m	100	1	5001
m	1029	426	10	10	0	0	1m	100	1	5001
m	1040	377	10	10	0	0	1m	100	1	5001
m	1146	351	10	10	0	0	1m	100	1	5001
m	1149	263	10	10	0	0	1m	100	1	5001
m	1234	274	10	10	0	0	1m	100	1	5001
m	1289	469	10	10	0	0	1m	100	1	5001
m	1326	794	10	10	0	0	1m	100	1	5001
m	1231	731	10	10	0	0	1m	100	1	5001
m	1354	849	10	10	0	0	1m	100	1	5001
m	1317	957	10	10	0	0	1m	100	1	5001
m	1314	1060	10	10	0	0	1m	100	1	5001
m	1257	1157	10	10	0	0	1m	100	1	5001
m	1200	1274	10	10	0	0	1m	100	1	5001
m	1189	1326	10	10	0	0	1m	100	1	5001
m	1031	1354	10	10	0	0	1m	100	1	5001
m	809	1311	10	10	0	0	1m	100	1	5001
m	643	1300	10	10	0	0	1m	100	1	5001
m	560	1351	10	10	0	0	1m	100	1	5001
m	506	1169	10	10	0	0	1m	100	1	5001
m	449	1031	10	10	0	0	1m	100	1	5001
m	454	911	10	10	0	0	1m	100	1	5001
m	569	889	10	10	0	0	1m	100	1	5001
m	620	971	10	10	0	0	1m	100	1	5001
m	529	283	10	10	0	0	1m	100	1	5004
m	511	326	10	10	0	0	1m	100	1	5004
m	377	286	10	10	0	0	1m	100	1	5004
m	517	494	10	10	0	0	1m	100	1	5004
m	351	546	10	10	0	0	1m	100	1	5004
m	420	654	10	10	0	0	1m	100	1	5004
m	526	717	10	10	0	0	1m	100	1	5004
m	363	797	10	10	0	0	1m	100	1	5004
m	506	900	10	10	0	0	1m	100	1	5004
m	300	954	10	10	0	0	1m	100	1	5004
m	520	997	10	10	0	0	1m	100	1	5004
m	654	1043	10	10	0	0	1m	100	1	5004
m	460	1109	10	10	0	0	1m	100	1	5004
m	477	1197	10	10	0	0	1m	100	1	5004
m	517	1294	10	10	0	0	1m	100	1	5004
m	797	1209	10	10	0	0	1m	100	1	5004
m	780	1057	10	10	0	0	1m	100	1	5004
m	909	1089	10	10	0	0	1m	100	1	5004
m	831	1217	10	10	0	0	1m	100	1	5004
m	1000	1360	10	10	0	0	1m	100	1	5004
m	877	1094	10	10	0	0	1m	100	1	5004
m	880	991	10	10	0	0	1m	100	1	5004
m	951	926	10	10	0	0	1m	100	1	5004
m	1009	874	10	10	0	0	1m	100	1	5004
m	1231	760	10	10	0	0	1m	100	1	5004
m	1360	800	10	10	0	0	1m	100	1	5004
m	1186	840	10	10	0	0	1m	100	1	5004
m	1346	1037	10	10	0	0	1m	100	1	5004
m	1369	1171	10	10	0	0	1m	100	1	5004
m	1229	1226	10	10	0	0	1m	100	1	5004
m	1343	1251	10	10	0	0	1m	100	1	5004
m	1223	1331	10	10	0	0	1m	100	1	5004
m	1137	1351	10	10	0	0	1m	100	1	5004
m	1263	1211	10	10	0	0	1m	100	1	5004
m	1274	983	10	10	0	0	1m	100	1	5004
m	1360	806	10	10	0	0	1m	100	1	5004
m	1400	711	10	10	0	0	1m	100	1	5004
m	1157	429	10	10	0	0	1m	100	1	5004
m	1026	460	10	10	0	0	1m	100	1	5004
m	1194	491	10	10	0	0	1m	100	1	5004
m	983	600	10	10	0	0	1m	100	1	5004
m	900	426	10	10	0	0	1m	100	1	5004
m	949	363	10	10	0	0	1m	100	1	5004
m	940	266	10	10	0	0	1m	100	1	5004
m	1054	311	10	10	0	0	1m	100	1	5004
m	986	360	10	10	0	0	1m	100	1	5004
m	1229	337	10	10	0	0	1m	100	1	5004
m	1060	217	10	10	0	0	1m	100	1	5004
m	794	206	10	10	0	0	1m	100	1	5004
m	674	231	10	10	0	0	1m	100	1	5004
m	777	337	10	10	0	0	1m	100	1	5004
m	631	326	10	10	0	0	1m	100	1	5004
m	494	257	10	10	0	0	1m	100	1	5004
m	446	326	10	10	0	0	1m	100	1	5004
m	574	286	10	10	0	0	1m	100	1	5004
m	289	357	10	10	0	0	1m	100	1	5004
m	346	594	10	10	0	0	1m	100	1	5004
m	263	803	10	10	0	0	1m	100	1	5004
m	286	891	10	10	0	0	1m	100	1	5004
m	377	991	10	10	0	0	1m	100	1	5004
m	240	1129	10	10	0	0	1m	100	1	5004
m	320	1183	10	10	0	0	1m	100	1	5004
m	334	1294	10	10	0	0	1m	100	1	5004
m	469	1297	10	10	0	0	1m	100	1	5004
m	571	1200	10	10	0	0	1m	100	1	5004
m	500	1066	10	10	0	0	1m	100	1	5004
m	483	891	10	10	0	0	1m	100	1	5004
m	617	814	10	10	0	0	1m	100	1	5004
m	623	611	10	10	0	0	1m	100	1	5004
m	751	523	10	10	0	0	1m	100	1	5004
m	903	451	10	10	0	0	1m	100	1	5004
m	1117	411	10	10	0	0	1m	100	1	5004
m	1246	480	10	10	0	0	1m	100	1	5004
m	1343	774	10	10	0	0	1m	100	1	5004
m	1243	986	10	10	0	0	1m	100	1	5004
m	1320	1140	10	10	0	0	1m	100	1	5004
m	1217	1249	10	10	0	0	1m	100	1	5004
m	963	1186	10	10	0	0	1m	100	1	5004
m	809	1191	10	10	0	0	1m	100	1	5004
m	997	1026	10	10	0	0	1m	100	1	5004
m	1069	926	10	10	0	0	1m	100	1	5004
m	1126	877	10	10	0	0	1m	100	1	5004
m	1231	817	10	10	0	0	1m	100	1	5004
m	1369	820	10	10	0	0	1m	100	1	5004
m	1251	677	10	10	0	0	1m	100	1	5004
m	1237	534	10	10	0	0	1m	100	1	5004
m	1346	460	10	10	0	0	1m	100	1	5004
m	1386	620	10	10	0	0	1m	100	1	5004
m	900	589	10	10	0	0	1m	100	1	5004
m	746	614	10	10	0	0	1m	100	1	5004
m	503	769	10	10	0	0	1m	100	1	5004
m	629	529	10	10	0	0	1m	100	1	5004
m	383	680	10	10	0	0	1m	100	1	5004
m	629	577	10	10	0	0	1m	100	1	5004
m	703	366	10	10	0	0	1m	100	1	5004
m	663	231	10	10	0	0	1m	100	1	5004
m	574	209	10	10	0	0	1m	100	1	5004